549211.000000
266829.000000
418574.000000
378378.000000
406312.000000
255209.000000
413978.000000
374451.000000
252063.000000
262049.000000
405031.000000
398832.000000
252261.000000
260448.000000
407659.000000
402365.000000
390131.000000
398803.000000
399666.000000
395983.000000
395564.000000
397170.000000
392991.000000
387760.000000
395366.000000
395112.000000
428733.000000
422716.000000
397372.000000
394791.000000
434569.000000
428561.000000
413907.000000
422414.000000
426939.000000
417926.000000
421553.000000
421369.000000
441289.000000
415875.000000
421170.000000
419573.000000
421918.000000
376004.000000
376874.000000
381516.000000
300005.000000
386154.000000
270750.000000
268370.000000
384790.000000
377050.000000
386997.000000
381791.000000
388696.000000
382811.000000
386795.000000
396361.000000
396599.000000
391664.000000
274755.000000
281772.000000
424865.000000
411746.000000
403836.000000
413923.000000
409244.000000
403266.000000
407340.000000
406584.000000
413406.000000
401209.000000
423403.000000
423326.000000
423531.000000
413804.000000
413530.000000
287240.000000
475825.000000
464375.000000
460878.000000
455476.000000
471270.000000
446623.000000
411695.000000
415592.000000
472188.000000
432211.000000
470860.000000
478549.000000
473155.000000
448248.000000
415139.000000
421935.000000
473410.000000
454307.000000
476834.000000
476509.000000
473932.000000
445638.000000
414960.000000
412792.000000
458429.000000
446591.000000
456628.000000
473303.000000
476407.000000
414299.000000
411437.000000
416674.000000
464482.000000
452279.000000
474098.000000
456432.000000
477223.000000
461147.000000
415415.000000
413798.000000
469541.000000
448394.000000
473819.000000
473236.000000
474410.000000
451555.000000
412887.000000
419991.000000
345189.000000
305107.000000
288746.000000
290123.000000
436600.000000
415936.000000
416516.000000
415610.000000
409302.000000
404684.000000
420465.000000
350050.000000
343367.000000
414179.000000
338569.000000
336632.000000
349666.000000
424568.000000
343679.000000
342196.000000
402164.000000
444988.000000
417559.000000
414812.000000
459901.000000
444794.000000
457467.000000
470302.000000
475665.000000
459241.000000
413842.000000
419096.000000
231579.000000
262978.000000
288921.000000
289529.000000
481329.000000
409933.000000
414045.000000
415754.000000
466107.000000
448435.000000
473074.000000
471815.000000
475974.000000
406882.000000
413025.000000
414211.000000
467496.000000
451124.000000
428133.000000
424762.000000
474544.000000
455955.000000
415655.000000
416064.000000
471226.000000
459933.000000
474630.000000
473188.000000
472937.000000
455147.000000
419652.000000
414243.000000
476768.000000
450268.000000
428690.000000
423679.000000
475409.000000
450045.000000
415352.000000
418374.000000
492794.000000
446486.000000
422535.000000
428131.000000
471304.000000
433369.000000
412600.000000
421873.000000
478118.000000
414851.000000
432304.000000
421809.000000
459868.000000
444050.000000
414063.000000
415567.000000
459084.000000
434364.000000
472683.000000
460027.000000
473156.000000
451957.000000
418022.000000
418373.000000
475337.000000
446873.000000
426872.000000
425602.000000
472075.000000
459107.000000
411049.000000
410646.000000
461680.000000
446626.000000
475476.000000
460456.000000
478907.000000
443035.000000
415715.000000
416415.000000
476006.000000
447628.000000
430773.000000
425128.000000
473674.000000
448844.000000
415730.000000
417379.000000
458539.000000
446270.000000
475652.000000
457707.000000
473091.000000
444212.000000
413091.000000
415928.000000
475779.000000
457667.000000
427815.000000
423904.000000
475441.000000
443784.000000
417474.000000
417392.000000
464299.000000
448952.000000
477140.000000
478079.000000
475024.000000
448073.000000
416039.000000
418003.000000
476692.000000
415113.000000
425985.000000
419211.000000
472535.000000
446790.000000
415331.000000
415023.000000
464329.000000
445776.000000
458719.000000
474836.000000
454705.000000
457375.000000
415346.000000
416650.000000
477313.000000
459163.000000
428984.000000
423558.000000
479163.000000
404902.000000
415717.000000
413545.000000
465451.000000
459991.000000
458014.000000
422909.000000
463566.000000
411390.000000
411833.000000
416966.000000
480393.000000
448177.000000
415364.000000
425071.000000
472138.000000
408162.000000
478285.000000
476971.000000
468310.000000
457452.000000
475171.000000
463251.000000
471284.000000
444304.000000
475979.000000
473804.000000
478937.000000
457783.000000
429726.000000
424404.000000
475074.000000
448037.000000
422013.000000
424209.000000
434082.000000
349039.000000
355031.000000
424105.000000
422627.000000
352380.000000
435955.000000
418425.000000
442466.000000
419941.000000
345510.000000
341943.000000
399540.000000
396469.000000
414555.000000
417312.000000
424326.000000
406464.000000
420568.000000
425050.000000
455123.000000
411020.000000
420658.000000
416919.000000
477448.000000
441436.000000
429152.000000
425861.000000
478717.000000
412125.000000
415411.000000
411789.000000
465954.000000
443370.000000
473280.000000
467041.000000
472763.000000
409631.000000
411688.000000
419866.000000
476985.000000
415406.000000
430942.000000
430290.000000
466046.000000
450457.000000
475673.000000
475899.000000
465969.000000
410248.000000
417420.000000
419026.000000
472013.000000
446944.000000
476473.000000
413289.000000
475602.000000
446382.000000
434882.000000
418752.000000
476409.000000
455480.000000
416596.000000
419023.000000
467712.000000
407878.000000
415159.000000
418521.000000
467541.000000
412743.000000
417545.000000
421410.000000
472652.000000
409258.000000
419589.000000
414040.000000
427863.000000
400605.000000
416743.000000
299555.000000
294128.000000
283471.000000
444939.000000
458473.000000
470824.000000
456466.000000
479723.000000
459407.000000
478290.000000
450835.000000
431849.000000
419162.000000
471914.000000
430695.000000
476155.000000
472091.000000
465823.000000
446732.000000
414871.000000
414442.000000
476387.000000
445669.000000
415133.000000
425059.000000
349806.000000
335292.000000
424998.000000
345354.000000
472078.000000
448118.000000
473749.000000
463206.000000
469659.000000
459503.000000
415571.000000
416096.000000
475216.000000
447379.000000
456215.000000
474795.000000
475868.000000
407580.000000
422988.000000
417454.000000
476206.000000
460766.000000
478368.000000
474058.000000
470166.000000
410994.000000
416520.000000
419138.000000
474879.000000
447937.000000
463483.000000
473299.000000
479882.000000
414007.000000
413673.000000
423145.000000
462456.000000
446762.000000
418467.000000
416354.000000
457415.000000
434528.000000
474720.000000
459743.000000
469345.000000
350512.000000
435830.000000
417871.000000
476208.000000
451593.000000
433901.000000
427920.000000
473648.000000
410849.000000
418526.000000
418730.000000
462503.000000
461345.000000
477814.000000
477665.000000
470037.000000
412896.000000
425763.000000
418398.000000
473378.000000
417151.000000
428552.000000
420055.000000
466084.000000
409604.000000
416971.000000
418490.000000
464351.000000
449046.000000
481442.000000
475522.000000
474749.000000
413951.000000
412665.000000
419259.000000
475674.000000
446312.000000
415304.000000
429369.000000
474888.000000
412896.000000
415775.000000
415811.000000
459739.000000
444776.000000
474664.000000
475489.000000
475325.000000
448124.000000
475288.000000
475248.000000
477261.000000
414211.000000
426855.000000
420206.000000
472030.000000
445565.000000
414998.000000
420304.000000
428575.000000
415640.000000
413930.000000
415798.000000
438138.000000
414232.000000
420841.000000
414546.000000
434001.000000
410321.000000
437743.000000
419420.000000
433030.000000
416462.000000
419550.000000
420805.000000
430619.000000
397743.000000
416603.000000
416933.000000
296949.000000
285504.000000
298843.000000
437142.000000
481016.000000
412548.000000
429782.000000
425144.000000
474062.000000
451803.000000
478437.000000
473659.000000
458627.000000
446383.000000
472527.000000
476981.000000
473088.000000
446169.000000
474363.000000
478291.000000
476758.000000
444369.000000
419723.000000
425043.000000
472397.000000
450497.000000
416754.000000
418696.000000
461069.000000
448063.000000
478359.000000
475454.000000
474206.000000
445608.000000
473963.000000
417209.000000
478265.000000
421219.000000
433537.000000
427134.000000
472320.000000
445907.000000
473972.000000
419831.000000
467069.000000
441104.000000
473244.000000
476415.000000
474055.000000
447284.000000
474726.000000
414821.000000
392738.000000
454548.000000
430637.000000
426763.000000
471696.000000
446822.000000
476255.000000
419564.000000
459299.000000
447643.000000
473197.000000
475305.000000
420844.000000
424562.000000
419703.000000
355824.000000
444300.000000
331560.000000
343814.000000
341336.000000
437092.000000
417037.000000
420781.000000
418971.000000
464864.000000
446961.000000
476162.000000
475220.000000
473176.000000
444175.000000
479166.000000
416217.000000
474675.000000
445981.000000
429790.000000
425573.000000
474307.000000
461156.000000
459890.000000
415255.000000
462234.000000
457555.000000
476025.000000
475306.000000
478965.000000
451332.000000
478062.000000
418056.000000
481041.000000
407748.000000
433515.000000
425101.000000
463747.000000
456105.000000
475087.000000
415541.000000
469362.000000
446966.000000
473244.000000
458800.000000
350782.000000
446809.000000
474168.000000
416650.000000
480309.000000
452069.000000
421275.000000
426529.000000
471525.000000
455669.000000
458184.000000
419196.000000
467136.000000
444023.000000
421096.000000
427514.000000
471126.000000
445134.000000
472189.000000
416280.000000
476832.000000
443985.000000
415345.000000
424863.000000
472246.000000
448500.000000
478864.000000
420790.000000
463931.000000
447119.000000
462957.000000
476783.000000
472619.000000
446087.000000
475447.000000
416824.000000
477254.000000
414388.000000
429141.000000
422759.000000
465456.000000
452907.000000
456090.000000
416729.000000
461532.000000
446020.000000
474410.000000
473790.000000
473885.000000
458974.000000
476220.000000
418700.000000
475259.000000
457674.000000
445535.000000
439934.000000
476795.000000
455269.000000
477555.000000
417283.000000
462799.000000
445621.000000
475489.000000
474779.000000
470916.000000
446107.000000
359159.000000
435312.000000
440613.000000
408104.000000
434924.000000
426204.000000
437532.000000
415583.000000
422068.000000
420743.000000
412228.000000
417491.000000
426024.000000
419237.000000
468703.000000
455308.000000
472545.000000
414401.000000
476653.000000
414868.000000
428938.000000
422816.000000
464678.000000
447618.000000
473481.000000
421357.000000
464351.000000
446347.000000
461091.000000
460193.000000
478635.000000
447290.000000
461529.000000
417807.000000
478607.000000
455190.000000
435480.000000
424616.000000
478403.000000
459565.000000
473966.000000
414660.000000
465042.000000
445962.000000
458716.000000
465244.000000
473174.000000
449618.000000
474193.000000
417674.000000
474889.000000
443344.000000
431527.000000
423534.000000
473595.000000
445577.000000
473524.000000
413173.000000
463872.000000
459866.000000
476828.000000
473892.000000
473552.000000
457145.000000
472317.000000
414406.000000
478160.000000
415794.000000
438350.000000
424368.000000
467837.000000
448558.000000
473647.000000
420654.000000
466760.000000
447119.000000
470306.000000
459136.000000
473601.000000
446147.000000
470761.000000
417246.000000
475815.000000
459897.000000
432282.000000
421978.000000
476680.000000
449211.000000
474829.000000
461708.000000
463651.000000
458285.000000
476184.000000
472764.000000
473785.000000
445672.000000
480043.000000
475608.000000
476991.000000
415132.000000
433144.000000
424407.000000
464887.000000
450479.000000
478275.000000
474601.000000
464914.000000
446984.000000
462346.000000
478760.000000
474041.000000
436361.000000
475072.000000
478920.000000
477655.000000
445128.000000
433038.000000
427321.000000
474388.000000
458949.000000
474168.000000
474115.000000
463177.000000
433069.000000
458265.000000
460323.000000
471587.000000
445842.000000
472511.000000
417205.000000
477348.000000
416357.000000
433778.000000
425128.000000
463151.000000
365983.000000
420239.000000
421353.000000
468290.000000
445748.000000
460039.000000
476318.000000
473236.000000
457477.000000
458043.000000
416511.000000
475228.000000
447967.000000
427872.000000
426228.000000
472176.000000
448205.000000
472453.000000
415582.000000
462265.000000
458477.000000
461547.000000
476391.000000
474068.000000
446976.000000
476078.000000
416836.000000
478435.000000
413420.000000
432854.000000
424681.000000
459498.000000
452540.000000
456094.000000
418269.000000
463768.000000
444924.000000
471019.000000
482236.000000
479064.000000
457704.000000
474819.000000
417246.000000
477829.000000
442601.000000
417274.000000
431986.000000
478891.000000
444438.000000
474632.000000
415929.000000
466030.000000
446879.000000
473226.000000
476232.000000
471339.000000
451483.000000
475455.000000
417761.000000
475796.000000
449116.000000
429905.000000
430264.000000
343940.000000
332437.000000
342330.000000
339335.000000
342634.000000
339943.000000
318555.000000
327096.000000
397570.000000
383513.000000
388262.000000
385974.000000
405908.000000
379761.000000
307648.000000
303915.000000
306895.000000
294898.000000
305760.000000
305101.000000
327551.000000
379637.000000
386197.000000
388248.000000
437373.000000
412451.000000
427113.000000
420151.000000
424253.000000
409829.000000
394725.000000
386777.000000
434954.000000
411683.000000
422317.000000
427127.000000
428166.000000
411417.000000
422539.000000
424176.000000
422871.000000
409307.000000
423269.000000
383983.000000
441333.000000
380042.000000
401058.000000
386452.000000
427854.000000
410917.000000
381154.000000
384978.000000
427234.000000
408132.000000
424766.000000
443062.000000
424878.000000
408035.000000
384393.000000
385566.000000
448989.000000
415216.000000
404978.000000
391772.000000
442004.000000
415980.000000
387207.000000
388161.000000
443971.000000
414084.000000
425705.000000
429621.000000
441783.000000
414120.000000
401124.000000
385825.000000
452038.000000
386714.000000
399941.000000
392586.000000
432562.000000
411858.000000
386864.000000
394163.000000
441405.000000
419060.000000
444096.000000
426498.000000
443013.000000
416230.000000
389650.000000
388573.000000
430327.000000
427724.000000
397418.000000
390407.000000
443971.000000
425055.000000
312829.000000
384579.000000
445104.000000
415403.000000
434123.000000
425939.000000
442332.000000
430003.000000
385884.000000
391517.000000
442393.000000
387245.000000
401545.000000
386719.000000
436806.000000
417171.000000
387357.000000
383202.000000
396071.000000
251566.000000
256881.000000
409195.000000
257397.000000
370200.000000
390082.000000
387399.000000
396530.000000
383500.000000
260647.000000
251528.000000
255208.000000
240148.000000
251763.000000
248506.000000
323034.000000
379374.000000
388356.000000
386172.000000
386365.000000
374991.000000
387210.000000
383695.000000
379690.000000
379661.000000
393393.000000
252740.000000
256260.000000
365482.000000
384501.000000
379510.000000
385204.000000
382762.000000
405943.000000
396905.000000
386481.000000
386442.000000
382697.000000
386043.000000
382120.000000
381159.000000
394038.000000
254063.000000
444057.000000
413162.000000
381424.000000
380862.000000
427781.000000
411431.000000
429496.000000
422354.000000
437350.000000
413252.000000
386795.000000
386483.000000
421036.000000
412065.000000
407654.000000
388963.000000
444833.000000
415402.000000
386955.000000
384045.000000
424948.000000
404304.000000
429298.000000
429551.000000
441481.000000
416723.000000
386738.000000
392786.000000
442483.000000
387236.000000
403611.000000
394130.000000
433816.000000
419666.000000
389638.000000
385511.000000
428615.000000
438014.000000
430764.000000
425448.000000
443463.000000
417737.000000
386244.000000
318566.000000
415820.000000
385489.000000
401005.000000
388793.000000
388816.000000
388798.000000
389286.000000
386417.000000
411214.000000
388827.000000
393954.000000
390970.000000
443827.000000
432203.000000
393088.000000
393430.000000
425437.000000
386385.000000
401991.000000
388177.000000
437788.000000
413212.000000
386054.000000
383215.000000
425094.000000
413788.000000
426954.000000
426762.000000
446475.000000
415503.000000
388907.000000
389865.000000
443541.000000
418115.000000
390514.000000
388346.000000
443778.000000
415140.000000
388565.000000
383925.000000
441161.000000
416748.000000
432936.000000
439727.000000
440998.000000
414101.000000
388180.000000
389761.000000
260221.000000
370491.000000
389643.000000
392634.000000
314722.000000
301951.000000
313398.000000
299760.000000
360345.000000
383410.000000
386794.000000
388268.000000
389236.000000
379761.000000
386816.000000
308863.000000
304611.000000
380098.000000
385468.000000
382767.000000
304604.000000
295135.000000
300778.000000
301338.000000
353804.000000
381987.000000
391861.000000
387603.000000
385122.000000
376554.000000
385068.000000
309766.000000
302664.000000
379388.000000
308694.000000
300995.000000
430245.000000
376729.000000
382981.000000
381859.000000
424043.000000
412262.000000
425474.000000
420533.000000
420459.000000
420554.000000
386168.000000
380345.000000
438934.000000
377473.000000
385176.000000
386781.000000
441445.000000
377510.000000
377609.000000
377775.000000
396998.000000
368175.000000
253922.000000
250320.000000
438152.000000
412496.000000
441306.000000
423370.000000
424831.000000
382836.000000
389632.000000
388106.000000
424354.000000
415215.000000
379764.000000
391045.000000
430762.000000
413555.000000
422401.000000
418630.000000
440937.000000
382738.000000
391696.000000
385593.000000
442446.000000
411414.000000
398027.000000
388094.000000
447786.000000
374816.000000
384891.000000
389413.000000
437481.000000
418526.000000
427491.000000
424990.000000
443095.000000
380400.000000
392025.000000
385684.000000
428123.000000
387194.000000
397049.000000
386280.000000
429714.000000
386224.000000
382803.000000
382368.000000
433800.000000
423142.000000
425818.000000
423908.000000
425836.000000
418012.000000
448132.000000
422974.000000
428242.000000
420886.000000
386704.000000
387314.000000
443699.000000
422668.000000
427632.000000
383229.000000
444529.000000
418220.000000
385048.000000
384736.000000
448084.000000
381349.000000
390842.000000
384685.000000
383417.000000
382539.000000
387523.000000
385161.000000
392227.000000
382361.000000
385382.000000
382207.000000
259018.000000
245092.000000
451809.000000
448527.000000
454213.000000
440720.000000
458483.000000
457935.000000
470966.000000
443005.000000
416685.000000
415660.000000
468503.000000
440194.000000
446495.000000
451617.000000
413674.000000
416331.000000
417871.000000
420691.000000
441649.000000
422387.000000
428535.000000
421287.000000
421344.000000
320737.000000
307389.000000
291809.000000
345482.000000
418277.000000
422563.000000
417424.000000
343383.000000
417548.000000
423059.000000
420199.000000
410526.000000
419946.000000
424719.000000
412727.000000
440056.000000
335353.000000
340271.000000
422951.000000
422253.000000
419533.000000
421159.000000
416651.000000
437723.000000
411397.000000
426676.000000
344647.000000
342873.000000
416391.000000
426675.000000
415361.000000
422930.000000
416722.000000
341832.000000
338653.000000
472052.000000
452789.000000
472353.000000
410196.000000
471038.000000
461039.000000
474191.000000
476262.000000
473577.000000
451938.000000
477785.000000
415040.000000
477342.000000
452001.000000
430319.000000
420438.000000
476187.000000
450123.000000
471762.000000
414448.000000
461762.000000
448733.000000
471527.000000
471324.000000
476680.000000
417926.000000
423874.000000
414008.000000
420137.000000
336110.000000
339000.000000
340316.000000
432218.000000
422032.000000
423987.000000
416228.000000
436528.000000
419200.000000
422490.000000
424152.000000
343957.000000
341600.000000
418310.000000
415954.000000
423399.000000
418123.000000
426646.000000
419449.000000
424054.000000
420123.000000
344489.000000
338983.000000
346006.000000
407901.000000
424082.000000
425700.000000
466222.000000
416761.000000
424154.000000
413458.000000
421964.000000
333836.000000
360039.000000
354388.000000
345089.000000
333279.000000
340427.000000
337502.000000
384949.000000
449711.000000
474851.000000
456758.000000
477216.000000
457801.000000
463438.000000
415346.000000
477485.000000
450807.000000
426137.000000
427121.000000
474039.000000
451178.000000
472274.000000
413524.000000
462454.000000
462336.000000
472234.000000
472534.000000
472939.000000
446157.000000
463211.000000
415872.000000
473393.000000
419423.000000
428197.000000
417547.000000
466734.000000
446688.000000
474332.000000
414304.000000
468289.000000
449267.000000
459045.000000
471984.000000
473455.000000
460499.000000
476435.000000
412305.000000
473393.000000
446687.000000
429508.000000
419642.000000
472216.000000
452189.000000
476014.000000
415404.000000
477346.000000
440686.000000
471118.000000
473467.000000
474902.000000
458686.000000
477777.000000
414819.000000
474809.000000
459285.000000
427404.000000
419686.000000
471957.000000
444395.000000
474272.000000
414222.000000
469300.000000
448880.000000
474236.000000
472297.000000
477508.000000
451609.000000
478823.000000
414531.000000
478642.000000
418665.000000
427737.000000
420268.000000
470332.000000
463692.000000
473853.000000
419363.000000
462448.000000
460955.000000
470406.000000
469097.000000
477255.000000
447797.000000
463120.000000
413557.000000
360413.000000
423360.000000
418712.000000
420804.000000
443383.000000
414480.000000
422467.000000
413804.000000
440743.000000
421030.000000
423425.000000
417321.000000
418498.000000
419304.000000
423534.000000
413030.000000
464170.000000
452751.000000
415759.000000
424349.000000
473680.000000
450074.000000
474461.000000
414392.000000
462685.000000
441150.000000
464451.000000
474206.000000
474471.000000
449777.000000
476011.000000
415782.000000
476488.000000
416613.000000
428096.000000
417289.000000
469518.000000
448223.000000
473710.000000
411988.000000
462501.000000
450212.000000
473656.000000
476540.000000
475545.000000
452045.000000
460495.000000
415207.000000
474788.000000
450776.000000
429762.000000
425549.000000
474512.000000
461463.000000
471455.000000
421777.000000
461016.000000
449259.000000
472305.000000
455935.000000
475675.000000
446250.000000
476974.000000
415071.000000
475420.000000
452839.000000
427978.000000
421868.000000
482271.000000
451086.000000
455898.000000
416061.000000
468587.000000
448075.000000
475494.000000
477452.000000
473707.000000
458382.000000
475741.000000
415681.000000
478501.000000
451861.000000
414582.000000
422554.000000
475592.000000
451989.000000
421049.000000
415895.000000
343619.000000
330964.000000
340801.000000
423051.000000
424488.000000
420891.000000
425887.000000
414554.000000
416320.000000
413368.000000
344038.000000
343238.000000
436645.000000
413915.000000
419086.000000
416729.000000
469558.000000
459968.000000
460795.000000
473106.000000
471679.000000
452408.000000
479535.000000
416643.000000
474442.000000
460073.000000
429415.000000
423308.000000
476079.000000
461810.000000
457359.000000
413814.000000
463301.000000
449139.000000
474630.000000
469999.000000
472031.000000
449814.000000
476755.000000
415150.000000
477347.000000
420295.000000
434230.000000
417044.000000
462229.000000
449780.000000
456517.000000
413495.000000
474177.000000
451737.000000
471557.000000
458443.000000
473216.000000
447512.000000
460117.000000
413352.000000
478082.000000
446799.000000
428114.000000
419866.000000
472046.000000
460679.000000
458237.000000
415015.000000
471262.000000
461908.000000
473305.000000
474864.000000
473591.000000
460362.000000
479126.000000
416313.000000
474902.000000
420885.000000
427446.000000
420885.000000
463319.000000
448303.000000
415878.000000
416346.000000
464667.000000
448912.000000
457222.000000
457616.000000
476098.000000
451447.000000
470500.000000
414432.000000
475895.000000
447169.000000
428065.000000
424007.000000
474666.000000
439741.000000
455416.000000
414654.000000
464426.000000
449969.000000
456239.000000
475837.000000
475611.000000
448988.000000
460548.000000
413000.000000
472884.000000
460980.000000
417920.000000
424753.000000
482118.000000
450382.000000
473734.000000
415212.000000
354039.000000
421424.000000
421976.000000
418149.000000
433496.000000
407256.000000
418062.000000
413924.000000
438818.000000
416343.000000
413434.000000
420865.000000
480202.000000
448381.000000
412737.000000
416399.000000
437201.000000
411887.000000
428652.000000
474734.000000
474942.000000
448175.000000
419395.000000
413251.000000
348865.000000
456916.000000
434532.000000
419576.000000
473159.000000
449454.000000
412514.000000
414185.000000
468461.000000
449986.000000
476334.000000
472848.000000
476374.000000
466456.000000
421498.000000
414912.000000
477623.000000
418415.000000
432772.000000
420436.000000
467080.000000
460814.000000
416407.000000
413525.000000
472648.000000
449146.000000
453640.000000
473778.000000
477691.000000
447684.000000
417859.000000
414234.000000
472776.000000
457374.000000
429521.000000
420277.000000
474479.000000
465512.000000
472184.000000
417106.000000
467573.000000
450090.000000
475180.000000
465770.000000
463147.000000
465531.000000
475692.000000
414109.000000
474780.000000
452452.000000
427018.000000
419561.000000
477259.000000
446717.000000
469366.000000
412624.000000
463716.000000
419323.000000
417694.000000
426118.000000
490208.000000
452044.000000
415338.000000
417689.000000
342279.000000
328548.000000
348268.000000
345786.000000
343788.000000
328561.000000
335275.000000
335740.000000
349090.000000
457796.000000
474914.000000
422452.000000
423396.000000
419515.000000
414760.000000
416188.000000
477828.000000
449557.000000
427906.000000
422500.000000
431087.000000
415262.000000
415632.000000
415530.000000
437041.000000
415344.000000
421966.000000
423892.000000
397161.000000
419815.000000
412312.000000
415378.000000
477259.000000
446055.000000
428712.000000
420492.000000
472685.000000
447395.000000
416699.000000
419399.000000
470028.000000
446013.000000
458423.000000
480168.000000
474343.000000
448397.000000
413471.000000
413050.000000
476365.000000
449613.000000
435696.000000
421432.000000
478826.000000
457035.000000
412151.000000
417120.000000
463395.000000
429620.000000
473436.000000
474083.000000
478438.000000
453427.000000
412185.000000
416804.000000
475231.000000
413153.000000
418170.000000
423690.000000
472300.000000
457150.000000
414928.000000
413696.000000
463289.000000
446056.000000
459765.000000
470535.000000
478281.000000
453526.000000
414734.000000
414710.000000
476329.000000
445925.000000
426660.000000
424507.000000
475872.000000
447997.000000
416140.000000
415733.000000
466755.000000
444320.000000
454101.000000
477445.000000
473724.000000
460803.000000
419798.000000
417338.000000
461305.000000
446648.000000
427950.000000
421518.000000
474457.000000
445178.000000
414742.000000
415535.000000
471061.000000
445151.000000
416900.000000
422195.000000
346294.000000
418600.000000
337989.000000
339053.000000
341187.000000
329577.000000
338920.000000
332835.000000
255696.000000
233339.000000
243769.000000
244396.000000
320930.000000
296309.000000
401342.000000
386104.000000
384639.000000
387943.000000
384124.000000
391768.000000
405492.000000
236849.000000
243744.000000
244821.000000
319299.000000
377443.000000
392391.000000
389438.000000
401503.000000
385999.000000
385427.000000
385453.000000
389611.000000
387308.000000
382892.000000
386606.000000
387067.000000
241272.000000
245249.000000
248133.000000
370491.000000
382382.000000
387766.000000
386331.000000
401486.000000
380337.000000
382471.000000
386519.000000
388514.000000
391683.000000
386241.000000
385832.000000
389841.000000
236199.000000
246944.000000
246585.000000
390018.000000
383875.000000
384414.000000
387609.000000
403461.000000
382959.000000
387615.000000
385016.000000
391272.000000
391752.000000
381970.000000
385105.000000
386396.000000
237594.000000
