396.332730
395.549595
393.199444
389.285837
383.818610
376.813889
368.294080
358.287826
346.829946
333.961342
319.728881
304.185255
287.388808
269.403344
250.297907
230.146537
209.028006
187.025526
164.226438
140.721882
116.606448
91.977804
66.936315
41.584639
16.027317
-9.631111
-35.314000
-60.946300
-86.424745
-111.644877
-136.501223
-160.887485
-184.696739
-207.821641
-230.154665
-251.588346
-272.015561
-291.329829
-309.425642
-326.198835
-341.546980
-355.369819
-367.569736
-378.052263
-386.726614
-393.506266
-398.309560
-401.060344
-401.688629
-400.131283
-396.332730
-390.245674
-381.831826
-371.062633
-357.920007
-342.397040
-324.498698
-304.242499
-281.659146
-256.793122
-229.703240
-200.463127
-169.161644
-135.903234
-100.808186
-64.012803
-25.669484
14.053311
54.971194
96.884112
139.576716
182.818867
226.366268
269.961222
313.333530
356.201515
398.273187
439.247531
478.815930
516.663708
552.471793
585.918503
616.681420
644.439383
668.874554
689.674570
706.534762
719.160423
727.269122
730.593046
728.881347
721.902494
709.446596
691.327700
667.386023
637.490119
601.538961
559.463913
511.230576
456.840498
396.332730
329.785196
257.315888
179.083849
95.289933
6.177347
-87.968066
-186.817789
-290.000861
-397.104378
-507.674278
-621.216397
-737.197830
-855.048570
-974.163432
-1093.904276
-1213.602503
-1332.561827
-1450.061322
-1565.358723
-1677.693971
-1786.292997
-1890.371720
-1989.140248
-2081.807251
-2167.584504
-2245.691562
-2315.360550
-2375.841037
-2426.404977
-2466.351676
-2495.012775
-2511.757192
-2515.996023
-2507.187349
-2484.840928
-2448.522740
-2397.859348
-2332.542052
-2252.330804
-2157.057845
-2046.631049
-1921.036934
-1780.343326
-1624.701632
-1454.348716
-1269.608352
-1070.892223
-858.700466
-633.621726
-396.332730
-147.597168
111.736187
380.734993
658.385657
943.596325
1235.200376
1531.960436
1832.572882
2135.672834
2439.839617
2743.602672
3045.447903
3343.824420
3637.151665
3923.826883
4202.232904
4470.746210
4727.745237
4971.618880
5200.775151
5413.649966
5608.715984
5784.491479
5939.549186
6072.525073
6182.126985
6267.143121
6326.450291
6359.021888
6363.935558
6340.380484
6287.664263
6205.219322
6092.608821
5949.532014
5775.829019
5571.484962
5336.633463
5071.559422
4776.701094
4452.651407
4100.158516
3720.125572
3313.609684
2881.820075
2426.115417
1948.000351
1449.121188
931.260803
396.332730
-153.625520
-716.459904
-1289.908031
-1871.608043
-2459.108178
-3049.876959
-3641.313980
-4230.761243
-4815.514985
-5392.837955
-5959.972081
-6514.151467
-7052.615656
-7572.623107
-8071.464799
-8546.477921
-8995.059553
-9414.680290
-9802.897719
-10157.369695
-10475.867335
-10756.287655
-10996.665803
-11195.186785
-11350.196648
-11460.213042
-11523.935090
-11540.252532
-11508.254050
-11427.234759
-11296.702781
-11116.384879
-10886.231102
-10606.418398
-10277.353177
-9899.672783
-9474.245861
-9002.171607
-8484.777880
-7923.618176
-7320.467468
-6677.316921
-5996.367475
-5280.022350
-4530.878460
-3751.716794
-2945.491784
-2115.319706
-1264.466170
-396.332730
485.557308
1377.573829
2275.995535
3177.026186
4076.811377
4971.455774
5857.040739
6729.642240
7585.348987
8420.280683
9230.606312
10012.562376
10762.470989
11476.757734
12151.969192
12784.790073
13372.059825
13910.788677
14398.173000
14831.609922
15208.711113
15527.315674
15785.502047
15981.598891
16114.194860
16182.147230
16184.589312
16120.936631
15990.891806
15794.448112
15531.891703
15203.802459
14811.053465
14354.809101
13836.521744
13257.927108
12621.038208
11928.137993
11181.770671
10384.731747
9540.056841
8651.009305
7721.066717
6753.906299
5753.389327
4723.544603
3668.551068
2592.719632
1500.474307
396.332730
-715.113832
-1829.220898
-2941.311517
-4046.697249
-5140.699260
-6218.669458
-7276.011549
-8308.201924
-9310.810265
-10279.519785
-11210.146988
-12098.660872
-12941.201460
-13734.097595
-14473.883886
-15157.316743
-15781.389416
-16343.345958
-16840.694060
-17271.216679
-17632.982410
-17924.354555
-18143.998837
-18290.889730
-18364.315359
-18363.880971
-18289.510936
-18141.449278
-17920.258743
-17626.818383
-17262.319702
-16828.261354
-16326.442429
-15758.954369
-15128.171536
-14436.740491
-13687.568035
-12883.808057
-12028.847273
-11126.289909
-10179.941406
-9193.791234
-8171.994880
-7118.855119
-6038.802635
-4936.376102
-3816.201816
-2682.972964
-1541.428645
-396.332730
747.547329
1885.461655
3012.698951
4124.607272
5216.614452
6284.248108
7323.155108
8329.120438
9298.085359
10226.164785
11109.663806
11945.093267
12729.184352
13458.902098
14131.457782
14744.320139
15295.225340
15782.185720
16203.497200
16557.745381
16843.810290
17060.869763
17208.401461
17286.183500
17294.293727
17233.107631
17103.294918
16905.814769
16641.909819
16313.098881
15921.168471
15468.163171
14956.374886
14388.331056
13766.781880
13094.686622
12375.199067
11611.652200
10807.542195
9966.511779
9092.333058
8188.889899
7260.159938
6310.196316
5343.109212
4363.047279
3374.179059
2380.674466
1386.686421
396.332730
-586.321725
-1557.282389
-2512.641968
-3448.596804
-4361.462634
-5247.689658
-6103.876850
-6926.785469
-7713.351690
-8460.698326
-9166.145587
-9827.220837
-10441.667311
-11007.451769
-11522.771054
-11986.057546
-12395.983481
-12751.464152
-13051.659964
-13295.977358
-13484.068621
-13615.830573
-13691.402169
-13711.161035
-13675.718954
-13585.916357
-13442.815832
-13247.694719
-13002.036807
-12707.523206
-12366.022436
-11979.579792
-11550.406035
-11080.865481
-10573.463548
-10030.833820
-9455.724697
-8850.985706
-8219.553526
-7564.437811
-6888.706869
-6195.473269
-5487.879451
-4769.083386
-4042.244381
-3310.509062
-2576.997631
-1844.790419
-1116.914836
-396.332730
314.071750
1011.503771
1693.268851
2356.783264
2999.583789
3619.336761
4213.846382
4781.062285
5319.086304
5826.178454
6300.762077
6741.428171
7146.938874
7516.230106
7848.413376
8142.776747
8398.784977
8616.078845
8794.473678
8933.957094
9034.686003
9096.982861
9121.331238
9108.370715
9058.891145
8973.826328
8854.247123
8701.354054
8516.469447
8301.029141
8056.573825
7784.740049
7487.250946
7165.906736
6822.575039
6459.181058
6077.697680
5680.135546
5268.533133
4844.946892
4411.441507
3970.080291
3522.915795
3071.980636
2619.278620
2166.776169
1716.394101
1269.999798
829.399780
396.332730
-27.537021
-440.625511
-841.434661
-1228.557260
-1600.681406
-1956.594402
-2295.186086
-2615.451601
-2916.493593
-3197.523851
-3457.864376
-3696.947900
-3914.317853
-4109.627799
-4282.640349
-4433.225562
-4561.358875
-4667.118552
-4750.682695
-4812.325844
-4852.415173
-4871.406327
-4869.838928
-4848.331766
-4807.577725
-4748.338456
-4671.438856
-4577.761349
-4468.240043
-4343.854765
-4205.625020
-4054.603907
-3891.872026
-3718.531393
-3535.699423
-3344.502974
-3146.072520
-2941.536443
-2732.015507
-2518.617504
-2302.432127
-2084.526069
-1865.938378
-1647.676088
-1430.710137
-1215.971592
-1004.348187
-796.681190
-593.762607
-396.332730
-205.078026
-20.629384
156.439294
325.612151
486.432085
638.501125
781.480465
915.090180
1039.108621
1153.371517
1257.770775
1352.253012
1436.817830
1511.515840
1576.446471
1631.755567
1677.632799
1714.308915
1742.052839
1761.168648
1771.992448
1774.889168
1770.249288
1758.485536
1740.029565
1715.328625
1684.842269
1649.039093
1608.393540
1563.382779
1514.483689
1462.169940
1406.909216
1349.160569
1289.371927
1227.977771
1165.396984
1102.030880
1038.261432
974.449689
910.934399
848.030831
786.029812
725.196965
665.772150
607.969115
551.975346
497.952105
446.034666
396.332730
348.931009
303.889981
261.246798
221.016335
183.192370
147.748889
114.641494
83.808901
55.174522
28.648110
4.127456
-18.499878
-39.354805
-58.564948
-76.262887
-92.584414
-107.666834
-121.647305
-134.661237
-146.840758
-158.313267
-169.200074
-179.615138
-189.663919
-199.442341
-209.035881
-218.518782
-227.953409
-237.389724
-246.864914
-256.403156
-266.015512
-275.699978
-285.441655
-295.213065
-304.974591
-314.675044
-324.252347
-333.634335
-342.739653
-351.478757
-359.754997
-367.465781
-374.503802
-380.758325
-386.116516
-390.464806
-393.690280
-395.682065
-396.332730
-395.539663
-393.206426
-389.244066
-383.572389
-376.121162
-366.831252
-355.655682
-342.560598
-327.526132
-310.547169
-291.633988
-270.812788
-248.126091
-223.633002
-197.409348
-169.547671
-140.157084
-109.362984
-77.306633
-44.144588
-10.048008
24.798179
60.196240
95.936713
131.799614
167.555741
202.968084
237.793333
271.783455
304.687361
336.252617
366.227219
394.361397
420.409447
444.131579
465.295761
483.679550
499.071897
511.274915
520.105594
525.397442
527.002066
524.790643
518.655305
508.510404
494.293654
475.967143
453.518203
426.960127
396.332730
361.702751
323.164079
280.837813
234.872138
185.442034
132.748795
77.019374
18.505555
-42.517058
-105.750212
-170.874358
-237.550143
-305.420071
-374.110304
-443.232591
-512.386331
-581.160746
-649.137156
-715.891340
-780.995978
-844.023151
-904.546887
-962.145738
-1016.405382
-1066.921209
-1113.300906
-1155.167003
-1192.159373
-1223.937671
-1250.183688
-1270.603615
-1284.930199
-1292.924769
-1294.379130
-1289.117305
-1276.997112
-1257.911564
-1231.790096
-1198.599581
-1158.345154
-1111.070823
-1056.859863
-995.834987
-928.158299
-854.031010
-773.692933
-687.421752
-595.532058
-498.374169
-396.332730
-289.825098
-179.299528
-65.233157
51.870196
171.482406
293.053586
416.014777
539.780773
663.753080
787.322968
909.874616
1030.788339
1149.443856
1265.223602
1377.516060
1485.719089
1589.243233
1687.514990
1779.980031
1866.106333
1945.387228
2017.344333
2081.530353
2137.531740
2184.971191
2223.509963
2252.850005
2272.735878
2282.956470
2283.346470
2273.787617
2254.209698
2224.591297
2184.960283
2135.394041
2076.019435
2007.012511
1928.597926
1841.048121
1744.682236
1639.864764
1527.003956
1406.549997
1278.992933
1144.860390
1004.715081
859.152111
708.796109
554.298182
396.332730
235.594117
72.793234
-91.346039
-256.090451
-420.701051
-584.436902
-746.558811
-906.333058
-1063.035103
-1215.953245
-1364.392229
-1507.676758
-1645.154910
-1776.201436
-1900.220916
-2016.650757
-2124.964025
-2224.672087
-2315.327046
-2396.523969
-2467.902885
-2529.150540
-2580.001914
-2620.241475
-2649.704176
-2668.276184
-2675.895339
-2672.551341
-2658.285665
-2633.191202
-2597.411634
-2551.140548
-2494.620278
-2428.140513
-2352.036645
-2266.687894
-2172.515206
-2069.978944
-1959.576374
-1841.838984
-1717.329618
-1586.639476
-1450.384970
-1309.204473
-1163.754963
-1014.708598
-862.749225
-708.568855
-552.864122
-396.332730
-239.669935
-83.565057
71.301944
224.263819
374.669284
521.886161
665.304387
804.338887
938.432273
1067.057384
1189.719625
1305.959123
1415.352658
1517.515392
1612.102359
1698.809734
1777.375855
1847.582016
1909.253006
1962.257412
2006.507676
2041.959916
2068.613499
2086.510399
2095.734313
2096.409567
2088.699809
2072.806509
2048.967258
2017.453903
1978.570506
1932.651169
1880.057705
1821.177201
1756.419477
1686.214449
1611.009429
1531.266363
1447.459043
1360.070282
1269.589106
1176.507942
1081.319850
984.515790
886.581967
787.997235
689.230614
590.738894
492.964376
396.332730
301.251008
208.105801
117.261565
29.059113
-56.185718
-138.183209
-216.670723
-291.413478
-362.205121
-428.868122
-491.253965
-549.243156
-602.745044
-651.697460
-696.066180
-735.844215
-771.050946
-801.731099
-827.953581
-849.810182
-867.414152
-880.898673
-890.415233
-896.131911
-898.231597
-896.910156
-892.374542
-884.840891
-874.532598
-861.678395
-846.510437
-829.262428
-810.167776
-789.457813
-767.360076
-744.096667
-719.882708
-694.924895
-669.420156
-643.554440
-617.501619
-591.422538
-565.464192
-539.759053
-514.424543
-489.562656
-465.259731
-441.586375
-418.597538
-396.332730
-374.816386
-354.058370
-334.054609
-314.787854
-296.228565
-278.335903
-261.058817
-244.337235
-228.103321
-212.282808
-196.796386
-181.561130
-166.491960
-151.503121
-136.509659
-121.428892
-106.181861
-90.694732
-74.900161
-58.738584
-42.159442
-25.122313
-7.597942
10.430833
28.968274
48.005070
67.517793
87.468504
107.804502
128.458235
149.347354
170.374947
191.429914
212.387518
233.110086
253.447871
273.240065
292.315960
310.496248
327.594457
343.418507
357.772381
370.457898
381.276580
390.031587
396.529723
400.583485
402.013147
400.648856
396.332730
388.920939
378.285748
364.317511
346.926588
326.045185
301.629079
273.659227
242.143240
207.116694
168.644284
126.820785
81.771829
33.654460
-17.342516
-70.998420
-127.060817
-185.245884
-245.239022
-306.695719
-369.242672
-432.479164
-495.978684
-559.290811
-621.943332
-683.444605
-743.286142
-800.945422
-855.888901
-907.575221
-955.458587
-998.992315
-1037.632511
-1070.841872
-1098.093591
-1118.875333
-1132.693262
-1139.076097
-1137.579172
-1127.788462
-1109.324565
-1081.846602
-1045.056003
-998.700163
-942.575937
-876.532936
-800.476612
-714.371094
-618.241761
-512.177514
-396.332730
-270.928885
-136.255809
7.327437
159.392077
319.439549
486.901856
661.142350
841.456969
1027.075906
1217.165743
1410.832030
1607.122321
1805.029647
2003.496433
2201.418843
2397.651532
2591.012803
2780.290140
2964.246099
3141.624533
3311.157122
3471.570179
3621.591703
3759.958647
3885.424351
3996.766125
4092.792916
4172.353046
4234.341950
4277.709890
4301.469596
4304.703783
4286.572500
4246.320269
4183.282970
4096.894411
3986.692558
3852.325367
3693.556184
3510.268658
3302.471149
3070.300566
2814.025627
2534.049478
2230.911675
1905.289464
1557.998368
1189.992033
802.361337
396.332730
-26.734193
-465.349894
-917.898879
-1382.644456
-1857.734266
-2341.206570
-2830.997288
-3324.947749
-3820.813150
-4316.271686
-4808.934314
-5296.355119
-5776.042248
-6245.469346
-6702.087472
-7143.337422
-7566.662412
-7969.521062
-8349.400618
-8703.830347
-9030.395044
-9326.748570
-9590.627365
-9819.863862
-10012.399713
-10166.298783
-10279.759812
-10351.128686
-10378.910245
-10361.779553
-10298.592551
-10188.396055
-10030.436987
-9824.170827
-9569.269179
-9265.626431
-8913.365429
-8512.842135
-8064.649209
-7569.618492
-7028.822334
-6443.573761
-5815.425433
-5146.167395
-4437.823598
-3692.647186
-2913.114548
-2101.918144
-1261.958122
-396.332730
491.672431
1398.596292
2320.815299
3254.557447
4195.917312
5140.872027
6085.298133
7024.989246
7955.674451
8873.037354
9772.735712
10650.421540
11501.761604
12322.458222
13108.270252
13855.034171
14558.685159
15215.278053
15821.008094
16372.231333
16865.484618
17297.505029
17665.248675
17965.908737
18196.932665
18356.038427
18441.229713
18450.810007
18383.395433
18237.926312
18013.677321
17710.266221
17327.661061
16866.185815
16326.524402
15709.723032
15017.190868
14250.698955
13412.377401
12504.710821
11530.532004
10493.013855
9395.659589
8242.291230
7037.036435
5784.313691
4488.815932
3155.492642
1789.530514
396.332730
-1018.503044
-2449.207855
-3889.865759
-5334.439109
-6776.794727
-8210.730829
-9630.004601
-11028.360282
-12399.557639
-13737.400681
-15035.766495
-16288.634056
-17490.112865
-18634.471291
-19716.164463
-20729.861577
-21670.472480
-22533.173398
-23313.431674
-24007.029382
-24610.085699
-25119.077919
-25530.860979
-25842.685409
-26052.213592
-26157.534252
-26157.175067
-26050.113353
-25835.784738
-25514.089767
-25085.398392
-24550.552321
-23910.865167
-23168.120419
-22324.567194
-21382.913794
-20346.319075
-19218.381662
-18003.127028
-16704.992506
-15328.810284
-13879.788437
-12363.490103
-10785.810856
-9152.954408
-7471.406716
-5747.908631
-3989.427187
-2203.125695
-396.332730
1423.489796
3248.779370
5071.906245
6885.207294
8681.020192
10451.717751
12189.742274
13887.639732
15538.093625
17133.958351
18668.291934
20134.387941
21525.806440
22836.403852
24060.361544
25192.213030
26226.869639
27159.644534
27986.274954
28702.942574
29306.291880
29793.446469
30162.023184
30410.144032
30536.445792
30540.087301
30420.754345
30178.662153
29814.555458
29329.706147
28725.908473
28005.471886
27171.211485
26226.436152
25174.934406
24020.958068
22769.203778
21424.792479
19993.246953
18480.467514
16892.705965
15236.537967
13518.833916
11746.728489
9927.589002
8068.982709
6178.643227
4264.436215
2334.324488
396.332730
-1541.488048
-3471.096108
-5384.494502
-7273.766331
-9131.109572
-10948.871328
-12719.581331
-14435.984546
-16091.072726
-17678.114773
-19190.685768
-20622.694532
-21968.409607
-23222.483523
-24379.975258
-25436.370785
-26387.601620
-27230.061282
-27960.619620
-28576.634915
-29075.963734
-29456.968500
-29718.522727
-29860.013938
-29881.344238
-29782.928567
-29565.690633
-29231.056582
-28780.946411
-28217.763212
-27544.380271
-26764.126131
-25880.767661
-24898.491254
-23821.882228
-22655.902545
-21405.866967
-20077.417751
-18676.498026
-17209.323982
-15682.355986
-14102.268801
-12475.921016
-10810.323855
-9112.609511
-7389.999140
-5649.770690
-3899.226685
-2145.662139
-396.332730
1341.576613
3060.982573
4754.933616
6416.639343
8039.498883
9617.128222
11143.386327
12612.399983
14018.587213
15356.679202
16621.740637
17809.188368
18914.808344
19934.770735
20865.643207
21704.402300
22448.442867
23095.585557
23644.082332
24092.619992
24440.321729
24686.746719
24831.887763
24876.167018
24820.429858
24665.936898
24414.354253
24067.742088
23628.541523
23099.559982
22483.955061
21785.217008
21007.149915
20153.851704
19229.693038
18239.295245
17187.507375
16079.382501
14920.153388
13715.207641
12470.062451
11190.339065
9881.737094
8550.008786
7200.933366
5840.291580
4473.840538
3107.288975
1746.273044
396.332730
-937.111006
-2248.778256
-3533.551287
-4786.494664
-6002.874292
-7178.175318
-8308.118814
-9388.677185
-10416.088250
-11386.867952
-12297.821647
-13146.053959
-13928.977158
-14644.318046
-15290.123356
-15864.763639
-16366.935654
-16795.663274
-17150.296916
-17430.511524
-17636.303138
-17767.984075
-17826.176780
-17811.806377
-17726.091984
-17570.536850
-17346.917374
-17057.271067
-16703.883540
-16289.274585
-15816.183424
-15287.553211
-14706.514869
-14076.370343
-13400.575355
-12682.721751
-11926.519523
-11135.778597
-10314.390469
-9466.309778
-8595.535910
-7706.094693
-6802.020295
-5887.337380
-4966.043615
-4042.092595
-3119.377257
-2201.713855
-1292.826558
-396.332730
484.271051
1345.622184
2184.504396
2997.859215
3782.796524
4536.604169
5256.756582
5940.922408
6586.971117
7192.978576
7757.231593
8278.231418
8754.696199
9185.562420
9569.985311
9907.338256
10197.211231
10439.408270
10633.944021
10781.039395
10881.116373
10934.791980
10942.871505
10906.340979
10826.358985
10704.247838
10541.484189
10339.689119
10100.617761
9826.148526
9518.271978
9179.079424
8810.751277
8415.545249
7995.784438
7553.845357
7092.145979
6613.133838
6119.274251
5613.038710
5096.893499
4573.288585
4044.646820
3513.353524
2981.746455
2452.106245
1926.647306
1407.509255
896.748889
396.332730
-91.869830
-566.092769
-1024.679037
-1466.085515
-1888.887313
-2291.781401
-2673.589579
-3033.260772
-3369.872668
-3682.632695
-3970.878349
-4234.076892
-4471.824427
-4683.844376
-4869.985375
-5030.218617
-5164.634662
-5273.439749
-5356.951630
-5415.594970
-5449.896335
-5460.478813
-5448.056292
-5413.427442
-5357.469434
-5281.131432
-5185.427904
-5071.431778
-4940.267495
-4793.103986
-4631.147620
-4455.635150
-4267.826704
-4068.998847
-3860.437753
-3643.432520
-3419.268657
-3189.221768
-2954.551478
-2716.495607
-2476.264625
-2235.036412
-1993.951342
-1754.107703
-1516.557481
-1282.302504
-1052.290972
-827.414379
-608.504825
-396.332730
-191.604951
5.036698
193.016536
371.825698
541.022442
700.232072
849.146494
987.523421
1115.185228
1232.017492
1337.967219
1433.040783
1517.301593
1590.867517
1653.908077
1706.641437
1749.331213
1782.283131
1805.841541
1820.385836
1826.326776
1824.102759
1814.176055
1797.029025
1773.160363
1743.081352
1707.312202
1666.378440
1620.807417
1571.124919
1517.851922
1461.501487
1402.575832
1341.563578
1278.937188
1215.150612
1150.637142
1085.807490
1021.048096
956.719659
893.155909
830.662618
769.516841
709.966392
652.229557
596.495029
542.922062
491.640846
442.753077
396.332730
352.427009
311.057476
272.221333
235.892852
202.024937
170.550796
141.385721
114.428946
89.565574
66.668559
45.600715
26.216755
8.365314
-8.109019
-23.363724
-37.556393
-50.842858
-63.375370
-75.300881
-86.759419
-97.882573
-108.792101
-119.598674
-130.400746
-141.283586
-152.318454
-163.561932
-175.055423
-186.824811
-198.880279
-211.216302
-223.811793
-236.630417
-249.621049
-262.718399
-275.843769
-288.905954
-301.802268
-314.419692
-326.636137
-338.321793
-349.340577
-359.551654
-368.811013
-376.973097
-383.892470
-389.425501
-393.432051
-395.777166
-396.332730
-394.979098
-391.606671
-386.117410
-378.426273
-368.462565
-356.171187
-341.513770
-324.469693
-305.036962
-283.232952
-259.095002
-232.680852
-204.068923
-173.358425
-140.669310
-106.142039
-69.937191
-32.234895
6.765902
46.848342
87.778710
129.307660
171.171576
213.094087
254.787707
295.955600
336.293462
375.491498
413.236489
449.213934
483.110252
514.615035
543.423321
569.237894
591.771577
610.749513
625.911407
637.013725
643.831828
646.162025
643.823529
636.660302
624.542778
607.369449
585.068288
557.598025
524.949231
487.145231
444.242811
396.332730
343.540017
286.024059
223.978466
157.630711
87.241555
13.104242
-64.456526
-145.085835
-228.400017
-313.988317
-401.414766
-490.220247
-579.924737
-670.029734
-760.020837
-849.370472
-937.540754
-1023.986465
-1108.158132
-1189.505186
-1267.479192
-1341.537116
-1411.144626
-1475.779399
-1534.934416
-1588.121222
-1634.873134
-1674.748381
-1707.333144
-1732.244491
-1749.133177
-1757.686295
-1757.629760
-1748.730611
-1730.799110
-1703.690625
-1667.307286
-1621.599397
-1566.566597
-1502.258755
-1428.776590
-1346.272019
-1254.948217
-1155.059380
-1046.910213
-930.855112
-807.297062
-676.686246
-539.518374
-396.332730
-247.709950
-94.269549
63.332811
224.408283
388.238016
554.076548
721.155386
888.686751
1055.867479
1221.883058
1385.911766
1547.128897
1704.711062
1857.840520
2005.709534
2147.524716
2282.511347
2409.917639
2529.018916
2639.121698
2739.567659
2829.737425
2909.054221
2976.987304
3033.055199
3076.828695
3107.933596
3126.053193
3130.930471
3122.370000
3100.239532
3064.471268
3015.062799
2952.077710
2875.645840
2785.963201
2683.291544
2567.957578
2440.351851
2300.927277
2150.197343
1988.733976
1817.165101
1636.171888
1446.485710
1248.884819
1044.190766
833.264574
617.002690
396.332730
172.209049
-54.391851
-282.476048
-511.037033
-739.060627
-965.529960
-1189.430476
-1409.754946
-1625.508460
-1835.713368
-2039.414148
-2235.682174
-2423.620355
-2602.367624
-2771.103256
-2929.050978
-3075.482870
-3209.723014
-3331.150888
-3439.204485
-3533.383120
-3613.249948
-3678.434137
-3728.632720
-3763.612095
-3783.209168
-3787.332145
-3775.960954
-3749.147300
-3707.014363
-3649.756123
-3577.636330
-3490.987121
-3390.207286
-3275.760204
-3148.171451
-3008.026099
-2855.965714
-2692.685077
-2518.928648
-2335.486775
-2143.191697
-1942.913335
-1735.554910
-1522.048413
-1303.349933
-1080.434899
-854.293232
-625.924446
-396.332730
-166.522024
62.508875
289.771153
514.290747
735.113003
951.307211
1161.970990
1366.234495
1563.264434
1752.267870
1932.495788
2103.246410
2263.868242
2413.762845
2552.387302
2679.256387
2793.944415
2896.086767
2985.381094
3061.588176
3124.532462
3174.102257
3210.249595
3232.989766
3242.400528
3238.620998
3221.850242
3192.345551
3150.420452
3096.442428
3030.830396
2954.051932
2866.620281
2769.091161
2662.059374
2546.155267
2422.041035
2290.406913
2151.967264
2007.456590
1857.625496
1703.236614
1545.060530
1383.871715
1220.444506
1055.549138
889.947859
724.391151
559.614071
396.332730
235.240934
77.007005
-77.729217
-228.359152
-374.308054
-515.037338
-650.046682
-778.875867
-901.106367
-1016.362679
-1124.313376
-1224.671911
-1317.197131
-1401.693545
-1478.011308
-1546.045959
-1605.737896
-1657.071612
-1700.074676
-1734.816507
-1761.406910
-1779.994423
-1790.764456
-1793.937270
-1789.765781
-1778.533221
-1760.550678
-1736.154513
-1705.703690
-1669.577033
-1628.170423
-1581.893955
-1531.169080
-1476.425744
-1418.099546
-1356.628929
-1292.452425
-1226.005969
-1157.720298
-1088.018456
-1017.313405
-946.005773
-874.481744
-803.111093
-732.245394
-662.216393
-593.334565
-525.887856
-460.140616
-396.332730
-334.678940
-275.368375
-218.564270
-164.403887
-112.998625
-64.434322
-18.771739
23.952785
63.726499
100.559265
134.482413
165.547481
193.824812
219.402050
242.382536
262.883611
281.034866
296.976316
310.856557
322.830877
333.059377
341.705088
348.932114
354.903807
359.781006
363.720326
366.872538
369.381037
371.380413
372.995142
374.338395
375.510994
376.600496
377.680442
378.809752
380.032285
381.376564
382.855663
384.467265
386.193884
388.003253
389.848869
391.670703
393.396051
394.940534
396.209235
397.097956
397.494600
397.280647
