558193.000000
405793.000000
264437.000000
253238.000000
410816.000000
275611.000000
264862.000000
251238.000000
262658.000000
263062.000000
269296.000000
256610.000000
230767.000000
261258.000000
264792.000000
250745.000000
263729.000000
261589.000000
262543.000000
218904.000000
262513.000000
265308.000000
260659.000000
252028.000000
263378.000000
266060.000000
261620.000000
251817.000000
264853.000000
262991.000000
262745.000000
251439.000000
446176.000000
437869.000000
430904.000000
251620.000000
400516.000000
387343.000000
265006.000000
254107.000000
262977.000000
262441.000000
265820.000000
257108.000000
263551.000000
266144.000000
269042.000000
258517.000000
424986.000000
382753.000000
381393.000000
257717.000000
280115.000000
280079.000000
275896.000000
256787.000000
280092.000000
267477.000000
279485.000000
252791.000000
284369.000000
274813.000000
292851.000000
258237.000000
443271.000000
283598.000000
284095.000000
262978.000000
288538.000000
285256.000000
284024.000000
275849.000000
296556.000000
298244.000000
293909.000000
281208.000000
295672.000000
314370.000000
230969.000000
235034.000000
416352.000000
297325.000000
293726.000000
278591.000000
298174.000000
294396.000000
244241.000000
232069.000000
290098.000000
293858.000000
289263.000000
281237.000000
289081.000000
291013.000000
288256.000000
280514.000000
421108.000000
311824.000000
244712.000000
233539.000000
296831.000000
292741.000000
290093.000000
278076.000000
290062.000000
294464.000000
242456.000000
232976.000000
290993.000000
291422.000000
289517.000000
283934.000000
466597.000000
296033.000000
289977.000000
279601.000000
298593.000000
291000.000000
289028.000000
285238.000000
292594.000000
290615.000000
289919.000000
278923.000000
290508.000000
293770.000000
290151.000000
280681.000000
468255.000000
295442.000000
298462.000000
279955.000000
294806.000000
291616.000000
288496.000000
278530.000000
292566.000000
291059.000000
289806.000000
279592.000000
291484.000000
291324.000000
289054.000000
279117.000000
470326.000000
297010.000000
288782.000000
284234.000000
297948.000000
291908.000000
291247.000000
280252.000000
291174.000000
294097.000000
291329.000000
279055.000000
290811.000000
293048.000000
289919.000000
281397.000000
470152.000000
297649.000000
292549.000000
280695.000000
299246.000000
291204.000000
289837.000000
280627.000000
290444.000000
292789.000000
289492.000000
278877.000000
290272.000000
293173.000000
289066.000000
279322.000000
469720.000000
296593.000000
288541.000000
281012.000000
298293.000000
295435.000000
289659.000000
278018.000000
289392.000000
295327.000000
290612.000000
281122.000000
291199.000000
290682.000000
290434.000000
278456.000000
470849.000000
297835.000000
293616.000000
282355.000000
296653.000000
290916.000000
291108.000000
278958.000000
289440.000000
292113.000000
289689.000000
277869.000000
289315.000000
293258.000000
287932.000000
282719.000000
468461.000000
296955.000000
290656.000000
281466.000000
298530.000000
291783.000000
289749.000000
284957.000000
293044.000000
291539.000000
289106.000000
278708.000000
289576.000000
292110.000000
290200.000000
280603.000000
472090.000000
295637.000000
289854.000000
282503.000000
297686.000000
292516.000000
291608.000000
280071.000000
292219.000000
293455.000000
290658.000000
283134.000000
291243.000000
292698.000000
289618.000000
281230.000000
298987.000000
296128.000000
289236.000000
280157.000000
294510.000000
291054.000000
290250.000000
281044.000000
290938.000000
294929.000000
289745.000000
279278.000000
290197.000000
290548.000000
289810.000000
281997.000000
295388.000000
292050.000000
290879.000000
278536.000000
293458.000000
293723.000000
288394.000000
279608.000000
293018.000000
290360.000000
292254.000000
278857.000000
290964.000000
292518.000000
288881.000000
279758.000000
291297.000000
292352.000000
289559.000000
280418.000000
295776.000000
292362.000000
289238.000000
279852.000000
291283.000000
293047.000000
289765.000000
283800.000000
289900.000000
289456.000000
287288.000000
281190.000000
298759.000000
291025.000000
291429.000000
282375.000000
296602.000000
292629.000000
289719.000000
281220.000000
291881.000000
292223.000000
292889.000000
280427.000000
292712.000000
290637.000000
288594.000000
280250.000000
290563.000000
291120.000000
241746.000000
232015.000000
250204.000000
245982.000000
241139.000000
232710.000000
292528.000000
291784.000000
289595.000000
278457.000000
290171.000000
295955.000000
289506.000000
278689.000000
292043.000000
295589.000000
289787.000000
282721.000000
296807.000000
291640.000000
289140.000000
278532.000000
290559.000000
293152.000000
292066.000000
280004.000000
298754.000000
293722.000000
289437.000000
279510.000000
467966.000000
294665.000000
289446.000000
279970.000000
296357.000000
292127.000000
289155.000000
282197.000000
291835.000000
291709.000000
289092.000000
283809.000000
290015.000000
292514.000000
288502.000000
282177.000000
467553.000000
295745.000000
289645.000000
277760.000000
297210.000000
292549.000000
290110.000000
279619.000000
308201.000000
300637.000000
292403.000000
282096.000000
291349.000000
292152.000000
293368.000000
279156.000000
479216.000000
299254.000000
288789.000000
280943.000000
297956.000000
291525.000000
289078.000000
280771.000000
290200.000000
292857.000000
291016.000000
279550.000000
292257.000000
294474.000000
288915.000000
279504.000000
469312.000000
298910.000000
291280.000000
280701.000000
298079.000000
293014.000000
289638.000000
293175.000000
288269.000000
290074.000000
290695.000000
286225.000000
290849.000000
290728.000000
289723.000000
281612.000000
465459.000000
295585.000000
293310.000000
279886.000000
296202.000000
293866.000000
289507.000000
280134.000000
293138.000000
293995.000000
291840.000000
280540.000000
290526.000000
290265.000000
289634.000000
279991.000000
469919.000000
302796.000000
290753.000000
284346.000000
296866.000000
293338.000000
289864.000000
278710.000000
290620.000000
292109.000000
290595.000000
277918.000000
290513.000000
292698.000000
289591.000000
282587.000000
470070.000000
296724.000000
294314.000000
280657.000000
300567.000000
290650.000000
289555.000000
280143.000000
290103.000000
291423.000000
288272.000000
280195.000000
290693.000000
294466.000000
291394.000000
280449.000000
473467.000000
296949.000000
289760.000000
281313.000000
296098.000000
297067.000000
290668.000000
279801.000000
291577.000000
291986.000000
290061.000000
278353.000000
292678.000000
294989.000000
288625.000000
278375.000000
469545.000000
296340.000000
289528.000000
280729.000000
297537.000000
292637.000000
291338.000000
282094.000000
290807.000000
292198.000000
289340.000000
281800.000000
292359.000000
292786.000000
288496.000000
278319.000000
470549.000000
296545.000000
289765.000000
285524.000000
296073.000000
292164.000000
289134.000000
278813.000000
289958.000000
301493.000000
298606.000000
242964.000000
313579.000000
311946.000000
311278.000000
234137.000000
249157.000000
242131.000000
244759.000000
233227.000000
250162.000000
244732.000000
245189.000000
231457.000000
248988.000000
247552.000000
242078.000000
231910.000000
242567.000000
243234.000000
242850.000000
232146.000000
397681.000000
248881.000000
243589.000000
233953.000000
252546.000000
243109.000000
244164.000000
230547.000000
243198.000000
246477.000000
244145.000000
231081.000000
247709.000000
244922.000000
242346.000000
234202.000000
246749.000000
243646.000000
244891.000000
233023.000000
249833.000000
243800.000000
242800.000000
232068.000000
243506.000000
243908.000000
246466.000000
232935.000000
244297.000000
242730.000000
243447.000000
233833.000000
245416.000000
243662.000000
241118.000000
231668.000000
249028.000000
241913.000000
242353.000000
231796.000000
244608.000000
242929.000000
243252.000000
233308.000000
243602.000000
243669.000000
245418.000000
231317.000000
243420.000000
242021.000000
241881.000000
233047.000000
249030.000000
246448.000000
244328.000000
231006.000000
242974.000000
243176.000000
239741.000000
233300.000000
246815.000000
242061.000000
241642.000000
231720.000000
243011.000000
244017.000000
242787.000000
233360.000000
246122.000000
242599.000000
241072.000000
232050.000000
241172.000000
242626.000000
244890.000000
231492.000000
242909.000000
250406.000000
242023.000000
232643.000000
245258.000000
243997.000000
241960.000000
232350.000000
246588.000000
245697.000000
242957.000000
230463.000000
247634.000000
241938.000000
242340.000000
231447.000000
243219.000000
242079.000000
247169.000000
232171.000000
243434.000000
243505.000000
241528.000000
233409.000000
246854.000000
241992.000000
242319.000000
231251.000000
242095.000000
241640.000000
241179.000000
231208.000000
245166.000000
243341.000000
241282.000000
235481.000000
245729.000000
242164.000000
244401.000000
232166.000000
249168.000000
243995.000000
244802.000000
231660.000000
243143.000000
244041.000000
243971.000000
232734.000000
243073.000000
242675.000000
241283.000000
232274.000000
246486.000000
244757.000000
242561.000000
232216.000000
246881.000000
243160.000000
243691.000000
233559.000000
244418.000000
243839.000000
241949.000000
231595.000000
243579.000000
245268.000000
242173.000000
233445.000000
243315.000000
244194.000000
242351.000000
232550.000000
247747.000000
243134.000000
244274.000000
230637.000000
243394.000000
243881.000000
242453.000000
231880.000000
245469.000000
241898.000000
241225.000000
233208.000000
246524.000000
245644.000000
244709.000000
232988.000000
245508.000000
242755.000000
240419.000000
231346.000000
242027.000000
243242.000000
241748.000000
231787.000000
243039.000000
242735.000000
240494.000000
233293.000000
244011.000000
242320.000000
240602.000000
233022.000000
246641.000000
245284.000000
243293.000000
231293.000000
246423.000000
244955.000000
241541.000000
231032.000000
244840.000000
240868.000000
242615.000000
231451.000000
240587.000000
240652.000000
240741.000000
230837.000000
249406.000000
240975.000000
237938.000000
229348.000000
238895.000000
239906.000000
241444.000000
228365.000000
241657.000000
243989.000000
237496.000000
229386.000000
257735.000000
249853.000000
241856.000000
229436.000000
242687.000000
243960.000000
239756.000000
227472.000000
242008.000000
240726.000000
237360.000000
229429.000000
240180.000000
240112.000000
239450.000000
228778.000000
244069.000000
243682.000000
240625.000000
231044.000000
243436.000000
239329.000000
244118.000000
230207.000000
242202.000000
239753.000000
239085.000000
228839.000000
241881.000000
240262.000000
239574.000000
228825.000000
240784.000000
242709.000000
238477.000000
229156.000000
245189.000000
240289.000000
237993.000000
230940.000000
241995.000000
240877.000000
238218.000000
231117.000000
242009.000000
240872.000000
239542.000000
229188.000000
240759.000000
240592.000000
240949.000000
229306.000000
246117.000000
241739.000000
238243.000000
229564.000000
241209.000000
239965.000000
238306.000000
229800.000000
239575.000000
241083.000000
240076.000000
230748.000000
241989.000000
242725.000000
241081.000000
228301.000000
244399.000000
242272.000000
239813.000000
230038.000000
241696.000000
245008.000000
240721.000000
229496.000000
240095.000000
237611.000000
240599.000000
232953.000000
246518.000000
242324.000000
240812.000000
228962.000000
245014.000000
241740.000000
239635.000000
230116.000000
240295.000000
237560.000000
244359.000000
232018.000000
240558.000000
241532.000000
241115.000000
230299.000000
242029.000000
241777.000000
239041.000000
232266.000000
244755.000000
239666.000000
239382.000000
232390.000000
239857.000000
242728.000000
240431.000000
231822.000000
240893.000000
241405.000000
240085.000000
217387.000000
238951.000000
240998.000000
239744.000000
228382.000000
243479.000000
240573.000000
238734.000000
229438.000000
241955.000000
239098.000000
238610.000000
230269.000000
242039.000000
245923.000000
238494.000000
232979.000000
242620.000000
241202.000000
239675.000000
229894.000000
245208.000000
241993.000000
240006.000000
231281.000000
238509.000000
241301.000000
239609.000000
231500.000000
239171.000000
241417.000000
239579.000000
228758.000000
243358.000000
240409.000000
241509.000000
232368.000000
244427.000000
240294.000000
238838.000000
229712.000000
229616.000000
242406.000000
241143.000000
232139.000000
240950.000000
242869.000000
242894.000000
230440.000000
240455.000000
241445.000000
238895.000000
228952.000000
243117.000000
240686.000000
241178.000000
231063.000000
241727.000000
240057.000000
239477.000000
231418.000000
240039.000000
243150.000000
240224.000000
232144.000000
240927.000000
241964.000000
240010.000000
226531.000000
245676.000000
243866.000000
240633.000000
230768.000000
242258.000000
242704.000000
240760.000000
234714.000000
244410.000000
244675.000000
242586.000000
231839.000000
249190.000000
244463.000000
243450.000000
233226.000000
247404.000000
242165.000000
242912.000000
232291.000000
243164.000000
245340.000000
242877.000000
231545.000000
243307.000000
243134.000000
241862.000000
235089.000000
399200.000000
383327.000000
379285.000000
237362.000000
407660.000000
309041.000000
301675.000000
235770.000000
399950.000000
381340.000000
381699.000000
233117.000000
247017.000000
246299.000000
242392.000000
232595.000000
244627.000000
243158.000000
246220.000000
234582.000000
248495.000000
244433.000000
243567.000000
231791.000000
244820.000000
243661.000000
241925.000000
234524.000000
244146.000000
243214.000000
241808.000000
231942.000000
246381.000000
245170.000000
240689.000000
235741.000000
251340.000000
242933.000000
243017.000000
232482.000000
242327.000000
245082.000000
244066.000000
230662.000000
241486.000000
247111.000000
243022.000000
234154.000000
244088.000000
242829.000000
242222.000000
232818.000000
252335.000000
245495.000000
242462.000000
233744.000000
244943.000000
243841.000000
240955.000000
232308.000000
241802.000000
245067.000000
243280.000000
234760.000000
243035.000000
245136.000000
241833.000000
234930.000000
248557.000000
248776.000000
245121.000000
231087.000000
243178.000000
242463.000000
242174.000000
234046.000000
244599.000000
243291.000000
241630.000000
231882.000000
246894.000000
243952.000000
242975.000000
231719.000000
246979.000000
242857.000000
246481.000000
232758.000000
243606.000000
242235.000000
243043.000000
232877.000000
244422.000000
242752.000000
242192.000000
231071.000000
243055.000000
244323.000000
241283.000000
231210.000000
245132.000000
244895.000000
243376.000000
234467.000000
244170.000000
244330.000000
241498.000000
232051.000000
243394.000000
244977.000000
242120.000000
234021.000000
245325.000000
243710.000000
242971.000000
236111.000000
249223.000000
242919.000000
241820.000000
232058.000000
246535.000000
244282.000000
242166.000000
235115.000000
243670.000000
242130.000000
241722.000000
234121.000000
382730.000000
382597.000000
376384.000000
237319.000000
405792.000000
249267.000000
244960.000000
235597.000000
243272.000000
246643.000000
241446.000000
231521.000000
244776.000000
245231.000000
241636.000000
233982.000000
245309.000000
242707.000000
242400.000000
239794.000000
244718.000000
243683.000000
242078.000000
230534.000000
261944.000000
254348.000000
245629.000000
234026.000000
245123.000000
244295.000000
241566.000000
232962.000000
244462.000000
244127.000000
241707.000000
239632.000000
246895.000000
243129.000000
241592.000000
233459.000000
245046.000000
243446.000000
243437.000000
235849.000000
245505.000000
243993.000000
241891.000000
233828.000000
249061.000000
244298.000000
243478.000000
237043.000000
244830.000000
243565.000000
241495.000000
233826.000000
244925.000000
241830.000000
239476.000000
233217.000000
245569.000000
242052.000000
243762.000000
233957.000000
243953.000000
240841.000000
243672.000000
234420.000000
250124.000000
246091.000000
245080.000000
233469.000000
248556.000000
241857.000000
241681.000000
234232.000000
245390.000000
246570.000000
242532.000000
232675.000000
246082.000000
242131.000000
242578.000000
238350.000000
244285.000000
241299.000000
242835.000000
231520.000000
243870.000000
243101.000000
242975.000000
235320.000000
245501.000000
242956.000000
246147.000000
232613.000000
245203.000000
244061.000000
243464.000000
234321.000000
245243.000000
243039.000000
241207.000000
233541.000000
404064.000000
377807.000000
379484.000000
237027.000000
395091.000000
380375.000000
304495.000000
239863.000000
383645.000000
377629.000000
377107.000000
241853.000000
379419.000000
379427.000000
379572.000000
236754.000000
399223.000000
381787.000000
377669.000000
236674.000000
398544.000000
381494.000000
303720.000000
237676.000000
383165.000000
376880.000000
377612.000000
242249.000000
383691.000000
378189.000000
379387.000000
241482.000000
403736.000000
385771.000000
382381.000000
239219.000000
403132.000000
383121.000000
311382.000000
238942.000000
392802.000000
389411.000000
383492.000000
243983.000000
404788.000000
381688.000000
384277.000000
238839.000000
405462.000000
386162.000000
384476.000000
239204.000000
407475.000000
383806.000000
313689.000000
242136.000000
391915.000000
383654.000000
385849.000000
242257.000000
401097.000000
385177.000000
383582.000000
239894.000000
402323.000000
384003.000000
385325.000000
239576.000000
404196.000000
388921.000000
310457.000000
237891.000000
389387.000000
384458.000000
386354.000000
247392.000000
410027.000000
384892.000000
381632.000000
238199.000000
249260.000000
247987.000000
239330.000000
234151.000000
246923.000000
244632.000000
244278.000000
235778.000000
251687.000000
243439.000000
242337.000000
233567.000000
403308.000000
385003.000000
385764.000000
239641.000000
403561.000000
383483.000000
383931.000000
238875.000000
406009.000000
382936.000000
384054.000000
238041.000000
410681.000000
386880.000000
384830.000000
242383.000000
403861.000000
387140.000000
386047.000000
238795.000000
407507.000000
381406.000000
386474.000000
243025.000000
404939.000000
384733.000000
384544.000000
238627.000000
408012.000000
387200.000000
384556.000000
243947.000000
406949.000000
384744.000000
387039.000000
237559.000000
401258.000000
385045.000000
385174.000000
239710.000000
404396.000000
383598.000000
385017.000000
241283.000000
406382.000000
384821.000000
387444.000000
245172.000000
251244.000000
244427.000000
244663.000000
238922.000000
248290.000000
243252.000000
244412.000000
233365.000000
401836.000000
384800.000000
385623.000000
237590.000000
420320.000000
382989.000000
385971.000000
244306.000000
454060.000000
246256.000000
245960.000000
235450.000000
250077.000000
244592.000000
244981.000000
236688.000000
245975.000000
243194.000000
239863.000000
233593.000000
244410.000000
242499.000000
244664.000000
236617.000000
307071.000000
309585.000000
381570.000000
237457.000000
385773.000000
381278.000000
377291.000000
238776.000000
404238.000000
310392.000000
305476.000000
236210.000000
308166.000000
301431.000000
301458.000000
239951.000000
386383.000000
380807.000000
379923.000000
236367.000000
385026.000000
376318.000000
397962.000000
239592.000000
401673.000000
381092.000000
309117.000000
239525.000000
397908.000000
381754.000000
385056.000000
246788.000000
405128.000000
386774.000000
383610.000000
238853.000000
405571.000000
385060.000000
384266.000000
241394.000000
280984.000000
399914.000000
311484.000000
236732.000000
408473.000000
385661.000000
382008.000000
242496.000000
408169.000000
387493.000000
385825.000000
240815.000000
401907.000000
385330.000000
383929.000000
239427.000000
406478.000000
383600.000000
308769.000000
241587.000000
406392.000000
384080.000000
382967.000000
243048.000000
402834.000000
383744.000000
385445.000000
239001.000000
403605.000000
387594.000000
383525.000000
238791.000000
401587.000000
388956.000000
310599.000000
240427.000000
404066.000000
381983.000000
386311.000000
242154.000000
403434.000000
383863.000000
385076.000000
239478.000000
405883.000000
382237.000000
382633.000000
240699.000000
404008.000000
383573.000000
311301.000000
241357.000000
403654.000000
383375.000000
383314.000000
244009.000000
405161.000000
383326.000000
386555.000000
239897.000000
404111.000000
382390.000000
385053.000000
240385.000000
403151.000000
382534.000000
309260.000000
244747.000000
412281.000000
391718.000000
383907.000000
243849.000000
403976.000000
384773.000000
383633.000000
240339.000000
405544.000000
385503.000000
387842.000000
239775.000000
406324.000000
386037.000000
315805.000000
238625.000000
390037.000000
386517.000000
383397.000000
246492.000000
403476.000000
381435.000000
384463.000000
238298.000000
409749.000000
389695.000000
385224.000000
240234.000000
401563.000000
385258.000000
310983.000000
239569.000000
389836.000000
391393.000000
385463.000000
245988.000000
403709.000000
385543.000000
381794.000000
238617.000000
402827.000000
384725.000000
386733.000000
236782.000000
401748.000000
389084.000000
309474.000000
240327.000000
391726.000000
384702.000000
389097.000000
275136.000000
256538.000000
247341.000000
245247.000000
235841.000000
247066.000000
245387.000000
243842.000000
234012.000000
247278.000000
244362.000000
244894.000000
234891.000000
247908.000000
244124.000000
243421.000000
240418.000000
247212.000000
242777.000000
244100.000000
232980.000000
245883.000000
244227.000000
241150.000000
233896.000000
247802.000000
243357.000000
242221.000000
234131.000000
245603.000000
243141.000000
241980.000000
233679.000000
398974.000000
377430.000000
377900.000000
237991.000000
382192.000000
378833.000000
378347.000000
237611.000000
398544.000000
378715.000000
303968.000000
238304.000000
386783.000000
384152.000000
380160.000000
246319.000000
385590.000000
382910.000000
383002.000000
239141.000000
403120.000000
384306.000000
382894.000000
240719.000000
407633.000000
385887.000000
310031.000000
239905.000000
388823.000000
383261.000000
383403.000000
243872.000000
407235.000000
385313.000000
386059.000000
240529.000000
408195.000000
384174.000000
386701.000000
238958.000000
406091.000000
386919.000000
310062.000000
238182.000000
387622.000000
385240.000000
385430.000000
243775.000000
407454.000000
383482.000000
384609.000000
241372.000000
406660.000000
384309.000000
384316.000000
239517.000000
403451.000000
385076.000000
310956.000000
241479.000000
390304.000000
383720.000000
382333.000000
244450.000000
403311.000000
383394.000000
384001.000000
237792.000000
404275.000000
386065.000000
384929.000000
240701.000000
404781.000000
383133.000000
309829.000000
240838.000000
389840.000000
384419.000000
383742.000000
244159.000000
407735.000000
383234.000000
385665.000000
238779.000000
404578.000000
385544.000000
384044.000000
238237.000000
403032.000000
385910.000000
310174.000000
240908.000000
387533.000000
383665.000000
385324.000000
243688.000000
391263.000000
381719.000000
383914.000000
240683.000000
406465.000000
387179.000000
388355.000000
238319.000000
404591.000000
381747.000000
309957.000000
238486.000000
389504.000000
383923.000000
385706.000000
243744.000000
404400.000000
384317.000000
382966.000000
240592.000000
404812.000000
383541.000000
384767.000000
242921.000000
405473.000000
387535.000000
310942.000000
239818.000000
390105.000000
387995.000000
383759.000000
243287.000000
407590.000000
387420.000000
385449.000000
237375.000000
407508.000000
384429.000000
383826.000000
239939.000000
408909.000000
383566.000000
309380.000000
239686.000000
389956.000000
383391.000000
383812.000000
246419.000000
402299.000000
386309.000000
386357.000000
239178.000000
405858.000000
384580.000000
386247.000000
240644.000000
405184.000000
390513.000000
310252.000000
239064.000000
388520.000000
381836.000000
386424.000000
244308.000000
388565.000000
382934.000000
386313.000000
239822.000000
404757.000000
386826.000000
383818.000000
239118.000000
392964.000000
381043.000000
312485.000000
237400.000000
389604.000000
384034.000000
385841.000000
246038.000000
251329.000000
244524.000000
243886.000000
235923.000000
247886.000000
241521.000000
240557.000000
232842.000000
377102.000000
372939.000000
298334.000000
239380.000000
377385.000000
372277.000000
376502.000000
241466.000000
372320.000000
374758.000000
374806.000000
234896.000000
397315.000000
374502.000000
370864.000000
236990.000000
378526.000000
371052.000000
298587.000000
235755.000000
376679.000000
370851.000000
374744.000000
240598.000000
373664.000000
373129.000000
375178.000000
234851.000000
379585.000000
375213.000000
375105.000000
235398.000000
385594.000000
376703.000000
297357.000000
236359.000000
377096.000000
378293.000000
376370.000000
240970.000000
379407.000000
374791.000000
376489.000000
236023.000000
379415.000000
376203.000000
374393.000000
235212.000000
382782.000000
375518.000000
299701.000000
236817.000000
380652.000000
373213.000000
380437.000000
239194.000000
440089.000000
247118.000000
241183.000000
232277.000000
245384.000000
240888.000000
240611.000000
233452.000000
244589.000000
242095.000000
244233.000000
232262.000000
244194.000000
239678.000000
239365.000000
224163.000000
382986.000000
367174.000000
373083.000000
232645.000000
388398.000000
369929.000000
371480.000000
235533.000000
380837.000000
377424.000000
375187.000000
236552.000000
374376.000000
371902.000000
300930.000000
238987.000000
390223.000000
376838.000000
376879.000000
237480.000000
402872.000000
387079.000000
372107.000000
235703.000000
379781.000000
372941.000000
372227.000000
237247.000000
382709.000000
374892.000000
300700.000000
240502.000000
389181.000000
374177.000000
374903.000000
236851.000000
378211.000000
379000.000000
375590.000000
237561.000000
396009.000000
374123.000000
375826.000000
236134.000000
381668.000000
373378.000000
301099.000000
238439.000000
388848.000000
376235.000000
375771.000000
234473.000000
380257.000000
373513.000000
374438.000000
235790.000000
382198.000000
375677.000000
376437.000000
238087.000000
380102.000000
374544.000000
299886.000000
239831.000000
372044.000000
373722.000000
375684.000000
237356.000000
382805.000000
378392.000000
372550.000000
234936.000000
377391.000000
375100.000000
374306.000000
235877.000000
376657.000000
370585.000000
300439.000000
241000.000000
390883.000000
375067.000000
379306.000000
235438.000000
382224.000000
376843.000000
373604.000000
234035.000000
336020.000000
378196.000000
374314.000000
235735.000000
379845.000000
374893.000000
302294.000000
240134.000000
388891.000000
373753.000000
372977.000000
235820.000000
378676.000000
376923.000000
378217.000000
237064.000000
381478.000000
376358.000000
372359.000000
235520.000000
378234.000000
373694.000000
299360.000000
239124.000000
387221.000000
374216.000000
374007.000000
234529.000000
302814.000000
389505.000000
373656.000000
237813.000000
249412.000000
246154.000000
243884.000000
235221.000000
250178.000000
246649.000000
243956.000000
237680.000000
246543.000000
243463.000000
246535.000000
233670.000000
246406.000000
242535.000000
240409.000000
234228.000000
403029.000000
381448.000000
377202.000000
238709.000000
400223.000000
384355.000000
309173.000000
245035.000000
407179.000000
382727.000000
387122.000000
240943.000000
405258.000000
385584.000000
383996.000000
239196.000000
408859.000000
382446.000000
383473.000000
239534.000000
386230.000000
382905.000000
383544.000000
243842.000000
402331.000000
383265.000000
384210.000000
238894.000000
394483.000000
385508.000000
387843.000000
240104.000000
404983.000000
385312.000000
387554.000000
239105.000000
406123.000000
388234.000000
385581.000000
241043.000000
407781.000000
384267.000000
382843.000000
239550.000000
403494.000000
386611.000000
384134.000000
238649.000000
405567.000000
385041.000000
389015.000000
239156.000000
403151.000000
385578.000000
388860.000000
245933.000000
407611.000000
385281.000000
381910.000000
236978.000000
403651.000000
384804.000000
385157.000000
239225.000000
402438.000000
384464.000000
386424.000000
240976.000000
401545.000000
384032.000000
382386.000000
243668.000000
404799.000000
386802.000000
388363.000000
239835.000000
408378.000000
383957.000000
385117.000000
239018.000000
404370.000000
387522.000000
383003.000000
238320.000000
