13188.6859621816
13253.6924190857
13319.0192899758
13384.6681541584
13473.1365239889
13604.8404105605
13775.7707392207
13982.2026202107
14220.6559417020
14487.8584983589
14780.7110565733
15096.2542779185
15431.6375128846
15784.0898911559
16150.8942903382
16529.3648227279
16916.8284823844
17310.6114268184
17708.0304973566
18106.3902316505
18502.9852788193
18895.1083835207
19280.0638870822
19655.1863240795
20017.8634477693
20365.5628678297
20695.8612927669
21006.4752052481
21295.2916750922
21560.3979447188
21800.1084166549
22012.9877400644
22197.8688361810
22353.8649181425
22480.3748397032
22577.0814341706
22643.9428589642
22681.1773180686
22689.2418687321
22668.8063059862
22620.7233386868
22545.9964094349
22445.7465609644
22321.1797143733
22173.5556083854
22004.1594682689
21814.2772469299
21605.1750297612
21378.0829394440
21134.1836350964
20874.6052862055
20600.4187253514
20312.6383497661
20012.2262508508
19700.0989999243
19377.1365021414
19044.1923417075
18702.1050726873
18351.7099537065
17993.8506754025
17629.3906816375
17259.2237357370
16884.2834292896
16505.5513725833
16124.0638428892
15740.9167006894
15357.2684162810
14974.3410819436
14593.4193199844
14215.8470362179
13843.0220130484
13476.3883869505
13117.4271116491
12767.6445696787
12428.5595593754
12101.6889489678
11788.5323508193
11490.5562230271
11209.1778482434
10945.7496666059
10701.5444473659
10477.7417694317
10275.4162430693
10095.5278434881
9938.91464374734
9806.28813288749
9698.23119052242
9615.19866770604
9557.52040285577
9525.40638821781
9518.95370369893
9538.15475674148
9582.90631363231
9653.01878171463
9748.22520393134
9868.18945558818
10012.5131851715
10180.7411122644
10372.3643811463
10586.8217634276
10823.4986022444
11081.7234899922
11360.7627680798
11659.8130285437
11977.9918822958
12314.3273368326
12667.7461973877
13037.0619699823
13420.9628026038
13818.0000513628
14226.5781006860
14644.9460982470
15071.1922832110
15503.2415863671
15938.8571579547
16375.6464282024
16811.0722216518
17242.4693248815
17667.0667454693
18082.0156975090
18484.4231084964
18871.3901705525
19240.0551667470
19587.6395060806
19911.4956178433
20209.1551098810
20478.3754094308
20717.1830024028
20923.9113866663
21097.2319702800
21236.1763813433
21340.1490065166
21408.9290233120
21442.6617094073
21441.8393641545
21407.2727213986
21340.0542257648
21241.5149473714
21113.1771911358
20956.7049967418
20773.8547179101
20566.4277228546
20336.2269922583
20085.0190368182
19814.5021489428
19526.2815792436
19221.8518218244
18902.5858307147
18569.7306926657
18224.4090596067
17867.6254996153
17500.2768534579
17123.1656745839
16737.0158707360
16342.4897407252
15940.2056964835
15530.7560659766
15114.7244769781
14692.7024178130
14265.3046543321
13833.1832503507
13397.0399913439
12957.6370496848
12515.8057565999
12072.4533644827
11628.5676967931
11185.2195950732
10743.5630870289
10304.8332191573
9870.34152443585
9441.46913177858
9019.65757006674
8606.39737534047
8203.21467390087
7811.65598424632
7433.27155356078
7069.59761560658
6722.13802141665
6392.34574686497
6081.60481682732
5791.21319957328
5522.36721362463
5276.14795042362
5053.51014947885
4855.27386997796
4682.11918808809
4534.58401817753
4413.06501643313
4317.82138526548
4248.98126522603
4206.55028616709
4190.42175810125
4200.38791987693
4236.15163334820
4297.33791272822
4383.50471149443
4494.15244877410
4628.73183830999
4786.64967974954
4967.27237777134
5169.92706349532
5393.90029961325
5638.43445178897
5902.72190147518
6185.89735799107
6487.02860017831
6805.10604063923
7139.03155929986
7487.60709869727
7849.52355150850
8223.35050134402
8607.52739982922
9000.35677467062
9400.00006201679
9804.47663846300
10211.6665894872
10619.3176877886
11025.0569631563
11426.4071223215
11820.8079215758
12205.6424078828
12578.2677297646
12936.0499846959
13276.4023258655
13596.8253120369
13894.9482666390
14168.5702345468
14415.6990058159
14634.5866316788
14823.7599023951
14982.0443962301
15108.5809436551
15202.8336720601
15264.5891865223
15293.9468764915
15291.3007859873
15257.3139125999
15192.8861754524
15099.1175857102
14977.2683439430
14828.7176650432
14654.9230925429
14457.3819195981
14237.5961020140
13997.0417542206
13737.1439900012
13459.2575338948
13164.6532115206
12854.5101474555
12529.9132712885
12191.8555629110
11841.2443576665
11478.9109762389
11105.6229350418
10722.0980201849
10329.0195609493
9927.05230669575
9516.85838518539
9099.11289317343
8674.51873670336
8243.82039567128
7807.81633373418
7367.36981086152
6923.41788339456
6476.97839789991
6029.15480347021
5581.13862577711
5134.20946842827
4689.73243603725
4249.15291135649
3813.98866756617
3385.81935710945
2966.27348994954
2557.01309518850
2159.71634773972
1776.05853205505
1407.69180255901
1056.22427941698
723.199082136711
410.073945955991
118.202081378742
-151.185078728466
-396.992649813209
-618.274073052533
-814.239503459628
-984.260553794218
-1127.87129912739
-1244.76561574964
-1334.79109544757
-1397.93993121322
-1434.33730318493
-1444.22789576047
-1427.96124254493
-1385.97662221287
-1318.78821567648
-1226.97118626075
-1111.14926540056
-971.984323897983
-810.168291080730
-626.417659381989
-421.470687300511
-196.087295500304
48.9484565544107
312.823519828483
594.688916346458
893.651061527492
1208.76175019958
1539.00724867770
1883.29696638218
2240.45220390874
2609.19549129575
2988.14104069388
3375.78684100766
3770.50891667396
4170.55825605313
4574.06088378560
4979.02150245054
5383.33105858808
5784.77849382399
6181.06682178379
6569.83352566986
6948.67510191521
7315.17538688561
7666.93710361216
8001.61586417946
8316.95567326336
8610.82481371798
8881.25087104605
9126.45358435905
9344.87420911786
9535.20014976957
9696.38377130681
9827.65452437622
9928.52380865918
9998.78233714672
10038.4901275514
10047.9596108462
10027.7326841358
9978.55282074703
9901.33356388654
9797.12485725430
9667.07870033479
9512.41555978695
9334.39283125787
9134.27644420335
8913.31645621687
8672.72721497035
8413.67239648321
8137.25497664337
7844.51197307623
7536.41361598206
7213.86647374991
6877.71997173100
6528.77569655109
6167.79886722469
5795.53137015754
5412.70578959311
5020.05991039026
4618.35121956873
4208.37098169456
3790.95750744257
3367.00827276637
2937.49057773746
2503.45046027473
2066.01960266513
1626.41999067076
1185.96610921289
746.064488295515
308.210450938510
-126.018036112936
-554.969446584984
-976.930676731674
-1390.14180093543
-1792.81337877559
-2183.14598677214
-2559.35154130721
-2919.67587675567
-3262.42195175132
-3585.97298433512
-3888.81477083089
-4169.55643011454
-4426.94883927089
-4659.90009091579
-4867.48740628116
-5048.96507792673
-5203.76818491693
-5331.51201194444
-5431.98730055803
-5505.15165259606
-5551.11758040864
-5570.13784396889
-5562.58882234940
-5528.95273026171
-5469.79950706726
-5385.76917723635
-5277.55541241388
-5145.89092350159
-4991.53518570733
-4815.26486028775
-4617.86713338753
-4400.13605347753
-4162.87182118115
-3906.88287341646
-3632.99051027992
-3342.03573849035
-3034.88794843645
-2712.45500074165
-2375.69426999747
-2025.62417504602
-1663.33571438060
-1290.00352002594
-906.895942707579
-515.383685286385
-116.946511394148
286.822426064042
694.215063700908
1103.41009918949
1512.47818265392
1919.39087723024
2322.03353900877
2718.22214550880
3105.72395995383
3482.28175915114
3845.64118131220
4193.58057463749
4523.94255805596
4834.66635395491
5123.81983174086
5389.63012313411
5630.51164627450
5845.09041427134
6032.22360898300
6191.01357171961
6320.81559275629
6421.23915893983
6492.14262624261
6533.62160122195
6545.99161958452
6529.76597947791
6485.62980246457
6414.41154178618
6317.05322705199
6194.58072530793
6048.07521575975
5878.64693031177
5687.41201997371
5475.47318595371
5243.90448218071
4993.74046993797
4725.96969919820
4441.53231525982
4141.32144932882
3826.18794966824
3496.94794427033
3154.39269247699
2799.30017567007
2432.44788940110
2054.62632450897
1666.65265696175
1269.38420056445
863.731209899172
450.668650965518
31.2465834386166
-393.401178023381
-822.050433666221
-1253.38228633335
-1685.98140568699
-2118.33709243158
-2548.84732050928
-2975.82587708093
-3397.51264774078
-3812.08700741879
-4217.68417676361
-4612.41429201005
-4994.38381760079
-5361.71881093158
-5712.58943467236
-6045.23501230545
-6357.98884533516
-6649.30196424680
-6917.76497675425
-7162.12721119776
-7381.31243239046
-7574.43053066850
-7740.78474764468
-7879.87419591142
-7991.39164332136
-8075.21675192323
-8131.40517254497
-8160.17408412402
-8161.88491961843
-8137.02412804437
-8086.18287904081
-8010.03662079888
-7909.32535688802
-7784.83541887609
-7637.38338894028
-7467.80268087982
-7276.93313055415
-7065.61378862486
-6834.67895885497
-6584.95739118954
-6317.27442498162
-6032.45678612668
-5731.33967241308
-5414.77571224248
-5083.64535001641
-4738.86819335271
-4381.41484929821
-4012.31877569235
-3632.68767744205
-3243.71398432021
-2846.68395671241
-2442.98497929233
-2034.11062162909
-1621.66307168223
-1207.35258593584
-792.993651591811
-380.497624531151
28.1383062871815
430.845870764219
825.504103162734
1209.96113633368
1582.05902580751
1939.66106563542
2280.68090210182
2603.11260949426
2905.06077529951
3184.76956183493
3440.64967772174
3671.30221383410
3875.53837911442
4052.39431230755
4201.14034168061
4321.28430656928
4412.56882794295
4474.96270237477
4508.64687508419
4513.99570319082
4491.55443192693
4442.01395992772
4366.18405559871
4264.96620163956
4139.32719185460
3990.27449166475
3818.83421382227
3626.03236900504
3412.87984345891
3180.36134815845
2929.42838940853
2660.99613963151
2375.94394587662
2075.11910532063
1759.34346141730
1429.42232851946
1086.15523207916
730.347950311347
362.825355688034
-15.5554245389762
-403.891984847140
-801.224185629973
-1206.52267152707
-1618.67874799757
-2036.49597905588
-2458.68384743945
-2883.85379394171
-3310.51792232005
-3737.09061702629
-4161.89327013693
-4583.16224895340
-4999.06015535390
-5407.69033187847
-5807.11445897766
-6195.37296580331
-6570.50784809054
-6930.58735749747
-7273.73190510717
-7598.14041652392
-7902.11629633476
-8184.09211441585
-8442.65212303284
-8676.55175701084
-8884.73336141585
-9066.33753046318
-9220.70962203582
-9347.40122470231
-9446.16658567179
-9516.95424367646
-9559.89433439236
-9575.28223237088
-9563.55934933947
-9525.29201432441
-9461.14941085025
-9371.88153970036
-9258.29811619532
-9121.24920642045
-8961.60826797549
-8780.25809990840
-8578.08003609310
-8355.94654802655
-8114.71726655359
-7855.23829453545
-7578.34456832564
-7284.86493676418
-6975.62956156665
-6651.47919999296
-6313.27590590438
-5961.91467461535
-5598.33555624462
-5223.53576802844
-4838.58134560913
-4444.61788505988
-4042.87994090283
-3634.69866127875
-3221.50726135925
-2804.84396243868
-2386.35205975547
-1967.77682996641
-1550.95905209189
-1137.82499579196
-730.372829113137
-330.655514040250
59.2396097663573
437.214208787012
801.184813082532
1149.11050592727
1479.02166839204
1789.04888800565
2077.45105983929
2342.64167024133
2583.21226589151
2797.95217873152
2985.86370162577
3146.17208675039
3278.32996043035
3382.01600181951
3457.12800233724
3503.77068991150
3522.23894817771
3512.99726860320
3476.65642894969
3413.94848499778
3325.70118990388
3212.81291845889
3076.22907861588
2916.92085092560
2735.86692175053
2534.03868331252
2312.38917737241
2071.84587251246
1813.30719773262
1537.64261424885
1245.69589648674
938.291212692482
616.241543194803
280.358946196457
-68.5338279347932
-429.590867856253
-801.930257868865
-1184.62132108240
-1576.67238971280
-1977.01952270325
-2384.51657117493
-2797.92697262215
-3215.91763364454
-3637.05523596192
-4059.80526860489
-4482.53404748225
-4903.51392915050
-5320.93185627007
-5732.90128657037
-6137.47745507558
-6532.67580234003
-6916.49327275330
-7286.93205169704
-7642.02517533628
-7979.86332046537
-8298.62197346667
-8596.58809674650
-8872.18536710287
-9123.99706094077
-9350.78571117814
-9551.50876182674
-9725.32959637205
-9871.62350879917
-9989.97841098628
-10080.1903134449
-10142.2538620263
-10176.3484444478
-10182.8205813489
-10162.1634735059
-10114.9946799628
-10042.0329460006
-9944.07518487260
-9821.97454772084
-9676.62040073501
-9508.92087902608
-9319.78851597568
-9110.12926821925
-8880.83508198061
-8632.77998610322
-8366.81955796427
-8083.79349467683
-7784.53093491242
-7469.85811522239
-7140.60790599624
-6797.63075213204
-6441.80653760544
-6074.05689704161
-5695.35750735240
-5306.74990566983
-4909.35239448174
-4504.36961053630
-4093.10035133930
-3676.94327351681
-3257.40010331369
-2836.07603388207
-2414.67702977298
-1995.00381895087
-1578.94242887772
-1168.45121694120
-765.544456553769
-372.272666780498
9.29998836561126
377.120760482100
729.175223855840
1063.51528344074
1378.28742645893
1671.76027961349
1942.35049363458
2188.64598486004
2409.42562473798
2603.67458378974
2770.59470362896
2909.60948152436
3020.36349491684
3102.71635302711
3156.73152182317
3182.66060920199
3180.92390250658
3152.08810654327
3096.84232741725
3015.97338123150
2910.34147787114
2780.85724467359
2628.46092288129
2454.10440435936
2258.73659143264
2043.29237295135
1808.68532740750
1555.80409915351
1285.51225349855
998.651304425267
696.046525624066
378.515099737356
46.8761285778157
-298.037986002436
-655.369279961515
-1024.22156276503
-1403.64781456530
-1792.63809074665
-2190.10836150659
-2594.89069601435
-3005.72518203077
-3421.25395106806
-3840.01765382674
-4260.45469789877
-4680.90351654304
-5099.60808089531
-5514.72679601846
-5924.34483243201
-6326.48983918587
-6719.15086377394
-7100.30017164571
-7467.91751909176
-7820.01629498674
-8154.67081791570
-8470.04396523788
-8764.41422958295
-9036.20125543761
-9283.98891155439
-9506.54500897343
-9702.83688107494
-9872.04219875761
-10013.5545937146
-10126.9838948938
-10212.1510332363
-10269.0779211266
-10297.9728483744
-10299.2121396736
-10273.3189755907
-10220.9403804142
-10142.8234206777
-10039.7916380425
-9912.72266463988
-9762.52784715429
-9590.13455003212
-9396.47163183063
-9182.45840546886
-8948.99721530653
-8696.96960155595
-8427.23588263465
-8140.63787272165
-7838.00436610375
-7520.15896055172
-7187.92975578983
-6842.16044583681
-6483.72232089697
-6113.52670103392
-5732.53733617873
-5341.78232220009
-4942.36509903781
-4535.47411372640
-4122.39074910658
-3704.49513972810
-3283.26952224065
-2860.29880128664
-2437.26805654161
-2015.95677487955
-1598.22966586880
-1186.02401015790
-781.333598689401
-386.189444347254
-2.63758301678015
367.285577392842
721.579760982271
1058.30845153574
1375.62680382794
1671.80891790106
1945.27351433952
2194.60705431898
2418.58340600967
2616.17927017305
2786.58473970230
2929.20857319835
3043.67800006189
3129.83312923539
3187.71628868473
3217.55686037011
3219.75237930448
3194.84682153431
3143.50710479152
3066.49886242098
2964.66252654458
2838.89067582716
2690.10747634219
2519.25088344731
2327.25809220514
2115.05453755517
1883.54656556801
1633.61773370590
1366.12855809787
1081.91941328827
781.816205653533
466.638384156525
137.208817956085
-205.634944842873
-561.028524174596
-928.068139335015
-1305.79808948571
-1693.19873188638
-2089.17538932895
-2492.54860093351
-2902.04611229536
-3316.29698032724
-3733.82814263697
-4153.06376804968
-4572.32766090444
-4989.84893421007
-5403.77109340180
-5812.16458203335
-6213.04273332211
-6604.38094872482
-6984.13879018046
-7350.28453176431
-7700.82157652402
-8033.81601401431
-8347.42448330970
-8639.92142511577
-8909.72476442348
-9155.41906969562
-9375.77529089159
-9569.76628821763
-9736.57752364757
-9875.61249090738
-9986.49269551283
-10069.0522499438
-10123.3274032737
-10149.5415620209
-10148.0865631585
-10119.5011172761
-10064.4474400509
-9983.68712859754
-9878.05731635384
-9748.44806130901
-9595.78179714545
-9420.99551766670
-9225.02618558209
-9008.79967109509
-8773.22334620732
-8519.18229724278
-8247.53897790035
-7959.13601210281
-7654.80177102693
-7335.35829050019
-7001.63106013755
-6654.46019976486
-6294.71253702173
-5923.29410794176
-5541.16261582540
-5149.33939990223
-4748.92048234510
-4341.08627959121
-3927.10958223585
-3508.36142858207
-3086.31452260894
-2662.54388050128
-2238.72443395948
-1816.62537607136
-1398.10110879054
-985.078741279306
-579.542195474652
-183.513097540333
200.971232137678
571.882237494568
927.226441662436
1265.07289640797
1583.58093426678
1881.02731088364
2155.83178325891
2406.58017429117
2632.04403020770
2831.19608665784
3003.22091872549
3147.52035284004
3263.71345334368
3351.63114873723
3411.30581561357
3442.95637457211
3446.96965558942
3423.87894665229
3374.34073920593
3299.11072230406
3199.02005467904
3074.95286563355
2927.82581116859
2758.57035345504
2568.11825339419
2357.39058129849
2127.29037199299
1878.69888787836
1612.47531375450
1329.45959441313
1030.47804117154
716.351275183663
387.904040259685
45.9764016828515
-308.564154644666
-674.810201045594
-1051.80189027668
-1438.51497086102
-1833.84972875812
-2236.62127164922
-2645.55155416501
-3059.26352180458
-3476.27772570540
-3895.01172696052
-4313.78256482151
-4730.81250506364
-5144.23821080110
-5552.12338687369
-5952.47484066338
-6343.26177855853
-6722.43802183586
-7087.96668397957
-7437.84671073927
-7770.14055341167
-8083.00213478165
-8374.70418599355
-8643.66399079373
-8888.46657884186
-9107.88446717443
-9300.89315986112
-9466.68177765876
-9604.65839483954
-9714.44989797921
-9795.89643654702
-9849.04079065314
-9874.11321964393
-9871.51255981891
-9841.78449651682
-9785.59803540912
-9703.72123526082
-9596.99724018848
-9466.32156908762
-9312.62149309281
-9136.83817123725
-8939.91203385724
-8722.77171661103
-8486.32666770470
-8231.46338709849
-7959.04511616790
-7669.91468342366
-7364.90012739609
-7044.82266012854
-6710.50650054122
-6362.79009176314
-6002.53821552583
-5630.65452521859
-5248.09403324906
-4855.87510497028
-4455.09052883999
-4046.91725010683
-3632.62437376578
-3213.57906338043
-2791.24998799086
-2367.20800255534
-1943.12379120831
-1520.76225985448
-1101.97353747663
-688.680535275468
-282.863119336612
113.460925731031
498.257831302562
869.502226770063
1225.20337964320
1563.43257503186
1882.35080591169
2180.23586493951
2455.50788655265
2706.75239232776
2932.73994811188
3132.44164977052
3305.03981289085
3449.93344344485
3566.73830014985
3655.28161057935
3715.59175529077
3747.88346999253
3752.53931871446
3730.08834734427
3681.18292700221
3606.57483568105
3507.09160472306
3383.61407932143
3237.05601871008
3068.34640431756
2878.41494660259
2668.18109721496
2438.54669484232
2190.39221058964
1924.57641905258
1641.93920834579
1343.30715727082
1029.50144913981
701.347656280260
359.686912597916
5.38798902284333
-360.640206351083
-737.436168996874
-1123.97382976211
-1519.15151161719
-1921.78222840881
-2330.58572480961
-2744.18263609414
-3161.09112074211
-3579.72628531184
-3998.40267652159
-4415.34005721926
-4828.67260869162
-5236.46161032125
-5636.71153903136
-6027.38940699907
-6406.44702035431
-6771.84569953672
-7121.58286101784
-7453.71972910071
-7766.40933537322
-8057.92388225255
-8326.68050537725
-8571.26447513844
-8790.44893542721
-8983.21038913503
-9148.73930228344
-9286.44540463907
-9395.95750287204
-9477.11787790312
-9529.97159402001
-9554.75128595538
-9551.85819480915
-9521.84038060187
-9465.36913859804
-9383.21468357905
-9276.22214152783
-9145.28880728388
-8991.34349935997
-8815.32868189132
-8618.18584261520
-8400.84442874870
-8164.21446211726
-7909.18279094265
-7636.61279538640
-7347.34725115091
-7042.21397109162
-6722.03378733045
-6387.63040240157
-6039.84162302825
-5679.53148934706
-5307.60282110243
-4925.00971655005
-4532.76955656291
-4131.97408394088
-3723.79914562196
-3309.51270397512
-2890.48074421294
-2468.17073055793
-2044.15229697209
-1620.09490201707
-1197.76223454955
-779.003229696296
-365.739644160672
40.0497536542872
436.348201618204
821.122859556860
1192.34917265339
1548.03709383978
1886.25844729301
2205.17460526198
2503.06356979027
2778.34550878365
3029.60579997139
3255.61469165427
3455.34279722709
3627.97179869223
3772.89993577254
3889.74209070313
3978.32452986793
4038.67461548652
4071.00603620722
4075.70030837644
4053.28545620700
4004.41287930510
3929.83345515949
3830.37390257455
3706.91435489860
3560.36796863078
3391.66323583560
3201.72949143479
2991.48592252235
2761.83420866328
2513.65475966670
2247.80637763521
1965.12905714745
1666.44955228070
1352.58928041858
1024.37409719528
682.645460177392
328.272496236423
-37.8355055333763
-414.716640940141
-801.344428146452
-1196.61676942544
-1599.34625441983
-2008.25220423607
-2421.95483513891
-2838.97189496752
-3257.71809181092
-3676.50758994515
-4093.55978974098
-4507.00853398374
-4914.91479156379
-5315.28276089049
-5706.07921138808
-6085.25574563989
-6450.77352268246
-6800.62984197651
-7132.88585658967
-7445.69457300722
-7737.32821387927
-8006.20397837701
-8250.90724042226
-8470.21128290448
-8663.09277752878
-8828.74238234482
-8966.57003504773
-9076.20475839270
-9157.48904968369
-9210.46818224436
-9235.37498538107
-9232.61087400762
-9202.72405595631
-9146.38594428951
-9064.36683889478
-8957.51191685596
-8826.71849011890
-8672.91536154257
-8497.04494915813
-8300.04866735257
-8082.85586664715
-7846.37645322329
-7591.49714541601
-7319.08118410185
-7029.97120114127
-6724.99486571524
-6404.97287096069
-6070.72878937588
-5723.10031055410
-5362.95137403654
-4991.18471878923
-4608.75438502695
-4216.67772085825
-3816.04646372590
-3408.03648430338
-2993.91579897845
-2575.05047790195
-2152.90810116643
-1729.05844885000
-1305.17115441814
-883.010108120858
-464.424469776393
-51.3362399632559
354.275554893179
750.393886411107
1134.98564664958
1506.02601888328
1861.52470784043
2199.55331128247
2518.27300487402
2815.96163159963
3091.03924485160
3342.09115841636
3567.88761195377
3767.39926870305
3939.80792044205
4084.51197619862
4201.12654477551
4289.47817233202
4349.59454839781
4381.68972942552
4386.14563196738
4363.49070405403
4314.37678360660
4239.55519184624
4139.85308800879
4016.15103448802
3869.36259819491
3700.41665669136
3510.24290022221
3299.76083677668
3069.87242906643
2821.45832979381
2555.37754186664
2272.47021725908
1973.56322307126
1659.47804459418
1331.04055961996
989.092201521019
634.502026012867
268.179203458277
-108.914528831165
-495.752904496628
-891.234090095123
-1294.17098817455
-1703.28328062177
-2117.19159086412
-2534.41411785634
-2953.36606120941
-3372.36211230290
-3789.62222796297
-4203.28082906945
-4611.39947503505
-5011.98295656912
-5402.99862522958
-5782.39864256656
-6148.14468968970
-6498.23453720494
-6830.72974455026
-7143.78364669774
-7435.66870511030
-7704.80225820150
-7949.76971209662
-8169.34427026327
-8362.50241199148
-8528.43449196265
-8666.55003901782
-8776.47757030784
-8858.05899245216
-8911.33891712496
-8936.54945696477
-8934.09127228275
-8904.51179586557
-8848.48166247704
-8766.77040669537
-8660.22246803770
-8529.73446148249
-8376.23454422255
-8200.66454836429
-8003.96536832556
-7787.06590475906
-7550.87568640554
-7296.28112741145
-7024.14523738415
-6735.31048869177
-6430.60446117105
-6110.84782692609
-5776.86420390858
-5429.49139198897
-5069.59350438887
-4698.07351598777
-4315.88576416803
-3924.04795455343
-3523.65224144528
-3115.87497040607
-2701.98468888222
-2283.34805158954
-1861.43327297016
-1437.81081221579
-1014.15102014045
-592.218534379728
-173.863282213132
238.991959979764
644.367395057324
1040.24524392445
1424.59168403146
1795.38123700873
2150.62301599079
2488.38811388695
2806.83730386204
3104.24814257030
3379.04052456732
3629.79974048822
3855.29614705486
4054.50066526624
4226.59548160773
4370.97952879910
4487.26855638579
4575.28985287313
4635.07193342226
4666.82974300397
4670.94612797623
4647.95048557510
4598.49560102890
4523.33372104941
4423.29289065875
4299.25450295571
4152.13288789972
3982.85760877267
3792.35895736862
3581.55695482075
3351.35398661746
3102.63103777246
2836.24735436218
2553.04324468986
2253.84564822236
1939.47604175822
1610.76021679348
1268.53944542059
913.682549574763
547.098395471492
169.748347757352
-217.341766689457
-613.070618970921
-1016.25167920145
-1425.60525724783
-1839.75266146807
-2257.21282809294
-2676.40174033861
-3095.63491186143
-3513.13315096500
-3927.03174782727
-4335.39313569065
-4736.22296853762
-5127.48943398843
-5507.14548458474
-5873.15352877860
-6223.51198217510
-6556.28294875658
-6869.62019081802
-7161.79646528898
-7431.22926245405
-7676.50398855851
-7896.39369142785
-8089.87453946626
-8256.13642644390
-8394.58828011485
-8504.85789053367
-8586.78632914849
-8640.41728533808
-8665.98188538523
-8663.87976336510
-8634.65731022714
-8578.98412670300
-8497.62874281751
-8391.43464225551
-8261.29754919395
-8108.14480814409
-7932.91752644324
-7736.55596826507
-7519.98850225339
-7284.12422458179
-7029.84921544837
-6758.02624678411
-6469.49764618015
-6165.09093765176
-5845.62682230993
-5511.92902793293
-5164.83554135532
-4805.21073665537
-4433.95792067155
-4052.03183144356
-3660.45064178986
-3260.30703762039
-2852.77795818181
-2439.13260384242
-2020.73833784111
-1599.06413401216
-1175.68125570471
-752.260894944098
-330.568558135064
87.5449424948392
500.155942703531
905.283769613112
1300.90979710379
1684.99940208292
2055.52637058873
2410.49916368141
2747.98832368308
3066.15419127104
3363.27402318462
3637.76755821164
3888.22008335912
4113.40210771572
4312.28485997949
4484.05098431981
4628.10001116492
4744.04841353579
4831.72431117487
4891.15713723886
4922.56281835396
4926.32522199270
4902.97478167739
4853.16531068842
4777.65005388900
4677.25800532222
4552.87144168428
4405.40549804016
4235.79045451843
4044.95722491993
3833.82635387292
3603.30065069019
3354.26142541996
3087.56815279932
2804.06127687313
2504.56778396981
2189.90911310524
1860.91093747926
1518.41433419131
1163.28785687802
796.440033097347
418.831821047914
31.4885757006683
-364.488909117012
-767.914699244209
-1177.50975792400
-1591.89610075290
-2009.59342019569
-2429.01849848485
-2848.48768328743
-3266.22264238052
-3680.35953951274
-4088.96168239985
-4490.03558549299
-4881.55026649288
-5261.45946013694
-5627.72629106504
-5978.34980691037
-6311.39264203244
-6625.00897137030
-6917.47183285977
-7187.19885516712
-7432.77543288773
-7652.97444887057
-7846.77175438907
-8013.35677971079
-8152.13785301445
-8262.74204318714
-8345.00959701730
-8398.98329669340
-8424.89330169749
-8423.13824358560
-8394.26349893072
-8338.93766511111
-8257.92830088525
-8152.07796933402
-8022.28154030455
-7869.46558263675
-7694.57051575666
-7498.53600963863
-7282.28993553051
-7046.74098964907
-6792.77494833109
-6521.25437292293
-6233.02146990669
-5928.90372733017
-5609.72189099213
-5276.29980967193
-4929.47566352425
-4570.11408872948
-4199.11871994881
-3817.44468611617
-3426.11061164393
-3026.20969244768
-2618.91943374994
-2205.50965500378
-1787.34838808082
-1365.90532045992
-942.752468379648
-519.561808784888
-98.0996562061737
319.782356317606
732.159743263606
1137.05102381072
1532.43679241407
1916.28169129365
2286.55883334736
2641.27608488748
2978.50348812411
3296.40099320559
3593.24558886370
3867.45687864117
4117.62015399060
4342.50607125557
4541.08614817419
4712.54345443733
4856.27807297466
4971.90714289498
5059.25954684657
5118.36555826520
5149.44200014312
5152.87367019209
5129.19194383558
5079.05156659136
5003.20668623470
4902.48715302612
4777.77603855400
4629.98919980907
4460.05755728488
4268.91257792133
4057.47526926041
3826.64881259794
3577.31480018392
3310.33290171419
3026.54367241923
2726.77413002480
2411.84566930111
2082.58384758885
1739.82955823854
1384.45110656343
1017.35671011220
639.506957908668
251.926778860603
-144.283513942689
-547.938519382733
-957.759783274305
-1372.36994987558
-1790.28938204354
-2209.93556861759
-2629.62559321438
-3047.58188052778
-3461.94136223392
-3870.76811345566
-4272.06940252833
-4663.81497324918
-5043.95924345648
-5410.46596216977
-5761.33472696074
-6094.62863257216
-6408.50221091464
-6701.22874155156
-6971.22597006594
-7217.07927702877
-7437.56139768570
-7631.64790338464
-7798.52781741159
-7937.60894309275
-8048.51771939556
-8131.09367404597
-8185.37879940621
-8211.60241441087
-8210.16228019138
-8181.60289379144
-8126.59198383058
-8045.89626933328
-7940.35751872435
-7810.86986571745
-7658.35921215491
-7483.76538734188
-7288.02755299858
-7072.07315648269
-6836.81055484595
-6583.12526862853
-6311.87968411538
-6023.91590998323
-5720.06140979707
-5401.13697413926
-5067.96656191812
-4721.38852515391
-4362.26773042764
-3991.50809855906
-3610.06509799141
-3218.95774384488
-2819.27967187842
-2412.20887411694
-1999.01570125743
-1581.06875776048
-1159.83834112858
-736.897110117774
-313.917710528997
107.332855418001
525.002257090938
937.165311819211
1341.83985376012
1737.00581729904
2120.62722322409
2490.67661580433
2845.16135970132
3182.15107609779
3499.80538726755
3796.40105803315
4070.35758051019
4320.26025291059
4544.87985900107
4743.18816358077
4914.36859840104
5057.82171527619
5173.16521757610
5260.22863330894
5319.04294585674
5349.82573470555
5352.96258181760
5328.98565586643
5278.55048664112
5202.41198066480
5101.40070683844
4976.40040303256
4828.32753045099
4658.11354460410
4466.69037360455
4254.97940992804
4023.88414310526
3774.28639802446
3507.04600369133
3223.00360436551
2922.98623999535
2607.81526436872
2278.31613413479
1935.32958547296
1579.72371292262
1212.40647216413
834.338141446954
446.543291971206
50.1218340921660
-353.741276807172
-763.768072929334
-1178.58172268321
-1596.70314719736
-2016.55042311264
-2436.44124567149
-2854.59866807628
-3269.16025915247
-3678.19073027688
-4079.69797439886
-4471.65233651034
-4852.00879967505
-5218.73162920096
-5569.82087705755
-5903.34001805205
-6217.44387843182
-6510.40593657342
-6780.64403368051
-7026.74353767960
-7247.47706080550
-7441.81994214517
-7608.96086789969
-7748.30720714468
-7859.48487807060
-7942.33281430682
-7996.89235602114
-8023.39212843799
-8022.22917469264
-7993.94726670237
-7939.21341723113
-7858.79365376797
-7753.52909074296
-7624.31325647276
-7472.07150471242
-7297.74318032405
-7102.26702828962
-6886.57014893387
-6651.56062221808
-6398.12376035451
-6127.12180783114
-5839.39679513129
-5535.77616793054
-5217.08075582834
-4884.13461037355
-4537.77622682841
-4178.87066293465
-3808.32207626237
-3427.08621557508
-3036.18241807789
-2636.70468165310
-2229.83139867361
-1816.83335632133
-1399.07962912211
-978.041015006265
-555.290699464092
-132.501876292509
288.557889175107
706.035695378234
1118.00578936270
1522.48544518830
1917.45405780016
2300.87514037149
2670.72077293445
3024.99791084590
3361.77583203068
3679.21389174803
3975.58867283770
4249.31957737262
4498.99191006999
4723.37655971993
4921.44549377217
5092.38244041654
5235.58833497003
5350.68134197927
5437.49151661007
5496.05042187388
5526.57625461280
5529.45523652304
5505.22018307981
5454.52726327717
5378.13200176212
5276.86555260250
5151.61219591436
5003.28888433950
4832.82750824483
4641.16037026983
4429.20917517791
4197.87766221776
3948.04784436809
3680.57967898906
3396.31388148332
3096.07750860035
2780.69187955752
2450.98236794257
2107.78958104302
1751.98144104527
1384.46568988124
1006.20235245768
618.215708659477
221.605341117962
-182.444157260911
-592.655213995100
-1007.65142329808
-1425.95415963572
-1845.98197679622
-2266.05306635597
-2684.39099141505
-3099.13383758631
-3508.34683220274
-3910.03837464081
-4302.17929725624
-4682.72504125644
-5049.64029037925
-5400.92546482967
-5734.64434739043
-6048.95200280884
-6342.12207056589
-6612.57246937682
-6858.88855699257
-7079.84284609664
-7274.41048776531
-7441.77989532519
-7581.35808632502
-7692.77055739960
-7775.85576129449
-7830.65451029578
-7857.39486817787
-7856.47329700949
-7828.43298191501
-7773.94035641622
-7693.76088849199
-7588.73516349338
-7459.75622003574
-7307.74896859759
-7133.65236231116
-6938.40480925560
-6722.93312929251
-6488.14517854490
-6234.92610104966
-5964.13802696927
-5676.62292393549
-5373.20822356965
-5054.71478745836
-4721.96674251671
-4375.80270030127
-4017.08787360057
-3646.72661189495
-3265.67489108337
-2874.95230926764
-2475.65315758833
-2068.95615256827
-1656.13243474004
-1238.55145911095
-817.684428619402
-395.104955008454
27.5133245086427
448.402388988520
865.708874973844
1277.50656816835
1681.81228956062
2076.60499776322
2459.84779538593
2829.51238700779
3183.60539698433
3520.19582567614
3837.44281245759
4133.62279306558
4407.15509683402
4656.62503382567
4880.80357784837
5078.66286031530
5249.38684921497
5392.37679005559
5507.25122036923
5593.84062164150
5652.17702561072
5682.47912832743
5685.13366876545
5660.67398536692
5609.75676392577
5533.13802882079
5431.64940718419
5306.17561747596
5157.63400958942
4986.95682538691
4795.07667022118
4582.91550124758
4351.37725952215
4101.34411001176
3833.67611377760
3549.21404367932
3248.78497000058
2933.21018397168
2603.31499200054
2259.93989715134
1903.95268225701
1536.26091643275
1157.82441975788
769.667236585869
372.888684572385
-31.3269364632359
-441.702373693760
-856.861565661684
-1275.32625345114
-1695.51537675299
-2115.74752859714
-2534.24668454574
-2949.15134828903
-3358.52716461200
-3760.38294268573
-4152.68990929317
-4533.40387648661
-4900.48986677710
-5251.94859859041
-5585.84410423043
-5900.33164180446
-6193.68498157645
-6464.32210544344
-6710.82836341245
-6931.97618811749
-7126.74057900655
-7294.30972909305
-7434.09037193806
-7545.70766347724
-7628.99966769036
-7684.00676999656
-7710.95658005964
-7710.24508987703
-7682.41500977740
-7628.13230450590
-7548.16198914369
-7443.34422068679
-7314.57164118618
-7162.76880205996
-6988.87433904110
-6793.82638713887
-6578.55153879398
-6343.95746852220
-6090.92918380353
-5820.32872184147
-5532.99799899844
-5229.76443516376
-4911.44891751261
-4578.87563372710
-4232.88328933781
-3874.33722256466
-3504.14193825837
-3123.25359631085
-2732.69200626284
-2333.55169701394
-1927.01164798178
-1514.34328636396
-1096.91637592864
-676.202448360986
-253.775461475042
168.690587433046
589.427307360856
1006.58095961427
1418.22495504197
1822.37574643100
2217.01193773006
2600.09629776616
2969.60022581422
3323.53007700406
3659.95462586094
3977.03283602398
4273.04102337980
4546.39845784681
4795.69045354500
5019.68805311635
5217.36352100838
5387.90101992879
5530.70204737745
5645.38544398457
5731.78203775883
5789.92424151015
5820.03115721855
5822.48994455643
5797.83436736846
5746.72153191320
5669.90786922854
5568.22539148907
5442.55917402456
5293.82689023498
5122.96106832348
4930.89456034574
4718.54952925855
4486.83008079133
4236.61850406587
3968.77494501286
3684.14022372466
3383.54142195544
3067.79980858425
2737.74063572674
2394.20432194929
2038.05853692522
1670.21070929208
1291.62049250334
903.311739190693
506.383551206827
102.019989563207
-308.501953477382
-723.806497242167
-1142.41568188181
-1562.74876198958
-1983.12465829104
-2401.76768313265
-2816.81668167598
-3226.33763976860
-3628.33970149068
-4020.79441607982
-4401.65789887207
-4768.89544954770
-5120.50803064756
-5454.55987886618
-5769.20641086408
-6062.72150435979
-6333.52319348012
-6580.19682249783
-6801.51475919799
-6996.45187963546
-7164.19619722886
-7304.15421381663
-7415.95080715621
-7499.42372364380
-7554.61299984322
-7581.74587415837
-7581.21795414192
-7553.57156167927
-7499.47227786191
-7419.68474697720
-7315.04877518310
-7186.45667959032
-7034.83271726405
-6861.11526359085
-6666.24222944318
-6451.14002043525
-6216.71616172321
-5963.85554829165