-245.575131325451
-246.785560418766
-248.001955664200
-249.224346468655
-219.924920047012
-134.540601618427
-2.42033165895467
168.171251143719
369.909619852741
596.283067236705
841.479523784821
1100.28582102276
1367.99811512886
1640.34293470897
1913.40863629008
2183.58719912393
2447.52632014757
2702.09172213800
2944.33946797309
3171.49786849748
3380.95836716972
3570.27481653122
3737.17046019677
3879.55149085556
3995.52580974268
4083.42551195558
4141.83147010250
4169.59828233580
4165.87780524926
4130.13952094727
4062.18610093121
3962.16273219674
3830.55906116470
3668.20297902607
3476.24590003398
3256.13964734402
3009.60552893263
2738.59662583836
2445.25469402529
2131.86337134688
1800.79956129071
1454.48492365694
1095.33933810029
725.738029336074
347.973771936593
-35.7747458661263
-423.467696160185
-813.221703368324
-1203.32029744455
-1592.21759097602
-1978.53580307982
-2361.05744492774
-2738.71310362145
-3110.56581711477
-3475.79303156851
-3833.66708536483
-4183.53508361811
-4524.79892577118
-4856.89613781660
-5179.28204885950
-5491.41374579472
-5792.73614403832
-6082.67042852858
-6360.60504769961
-6625.88938247115
-6877.83016012251
-7115.69063629981
-7338.69252427160
-7546.02060604644
-7736.82991277384
-7910.25531042399
-8065.42327050608
-8201.46554504831
-8317.53440187065
-8412.81901306698
-8486.56253028090
-8538.07932924426
-8566.77186800393
-8572.14658314887
-8553.82825056279
-8511.57226520413
-8445.27435015499
-8354.97728884615
-8240.87438401024
-8103.30947839444
-7942.77351936301
-7759.89780430242
-7555.44419712287
-7330.29274861606
-7085.42727586249
-6821.91955037515
-6540.91280523998
-6243.60529464377
-5931.23462407444
-5605.06351805928
-5266.36760891787
-4916.42572088021
-4556.51299648281
-4187.89707426245
-3811.83738597113
-3429.58750446052
-3042.40034528758
-2651.53590963307
-2258.27115535424
-1863.91149754710
-1469.80336943073
-1077.34721761789
-688.010261688362
-303.338315551352
75.0340527741705
445.375754716597
805.854533600200
1154.53613741305
1489.38796687438
1808.28777990217
2109.03792698352
2389.38544787243
2647.04817509953
2879.74676291418
3085.24229371491
3261.37881413954
3406.12983096978
3517.64746913306
3594.31268146760
3634.78462760280
3638.04713463590
3603.45004254397
3530.74324673929
3420.10139686967
3272.13750341159
3087.90413818211
2868.88147420958
2616.95206315757
2334.36295115217
2023.67643411429
1687.71139550613
1329.47769901231
952.106480819498
558.779369501097
152.659642510523
-263.171887217803
-685.773848744715
-1112.39226922459
-1540.49822663493
-1967.81455019089
-2392.33153079292
-2812.31214956809
-3226.28778014128
-3633.04565036173
-4031.60955572071
-4421.21540526865
-4801.28316623067
-5171.38667642053
-5531.22263740426
-5880.57990953424
-6219.31002358300
-6547.29962019922
-6864.44534083734
-7170.63153073755
-7465.71098036242
-7749.48882732127
-8021.70966437414
-8282.04784678033
-8530.10095899003
-8765.38638082378
-8987.34088111527
-9195.32315691435
-9388.61922400964
-9566.45054587148
-9727.98476034418
-9872.34882494744
-9998.64435220114
-10105.9648470463
-10193.4144916332
-10260.1280522058
-10305.2914133736
-10328.1621824319
-10328.0897567753
-10304.5342170636
-10257.0834033606
-10185.4675555478
-10089.5709558271
-9969.44010076690
-9825.28805127662
-9657.49475661020
-9466.60331590537
-9253.31231864738
-9018.46458306847
-8763.03277752365
-8488.10255336716
-8194.85392923060
-7884.54173860746
-7558.47598096738
-7218.00290026659
-6864.48755601645
-6499.29855631712
-6123.79549707965
-5739.31950613775
-5347.18713470796
-4948.68768092637
-4545.08387904555
-4137.61574967462
-3727.50728553506
-3315.97554588761
-2904.24165152570
-2493.54311004449
-2085.14685604993
-1680.36236074572
-1280.55414774236
-887.153045385845
-501.665509771892
-125.680367423218
239.127645883525
590.998130576128
928.089571084808
1248.48861817690
1550.22442463070
1831.28820884554
2089.65804423615
2323.32866355475
2530.34583025829
2708.84457096435
2857.09029515457
2973.52156576547
3056.79304575668
3105.81695215618
3119.80122222220
3098.28255668974
3041.15256929500
2948.67545034014
2821.49584688307
2660.63606494483
2467.48219079772
2243.75927954860
1991.49633217302
1712.98233414148
1410.71511623372
1087.34518134862
745.616888755574
388.309480014603
18.1803637345589
-362.087140777683
-749.929744942291
-1142.94239878344
-1538.90783774975
-1935.81704456613
-2331.88067999932
-2725.53195672491
-3115.42177066185
-3500.40715166148
-3879.53424761226
-4252.01711864741
-4617.21360344153
-4974.59944380855
-5323.74173491019
-5664.27262395264
-5995.86402599763
-6318.20397425269
-6630.97508335285
-6933.83548367753
-7226.40248545445
-7508.23915337285
-7778.84391361506
-8037.64327204313
-8283.98769021456
-8517.15063997814
-8736.33083265846
-8940.65759071164
-9129.19929437814
-9300.97479042354
-9454.96759291861
-9590.14263695155
-9705.46526650280
-9799.92205034598
-9872.54292919999
-9922.42410925024
-9948.75103845084
-9950.82074020126
-9928.06274158548
-9880.05782723835
-9806.55388052649
-9707.47814443555
-9582.94534590791
-9433.26127675008
-9258.92160564598
-9060.60590012423
-8839.16705276927
-8595.61651903244
-8331.10597060329
-8046.90613505359
-7744.38371796225
-7424.97737965358
-7090.17376060553
-6741.48451733596
-6380.42524814622
-6008.49706310159
-5627.17139537703
-5237.87847347529
-4841.99968804997
-4440.86390454224
-4035.74760321755
-3627.87857872375
-3218.44280655375
-2808.59398569455
-2399.46519486004
-1992.18205180293
-1587.87673788396
-1187.70223944830
-792.846159857979
-404.543468148445
-24.0875701521150
347.160885228806
707.768017568679
1056.22405359288
1390.94444650150
1710.27515807012
2012.50239499611
2295.86697775119
2558.58338217024
2798.86333052795
3014.94362157837
3205.11768239648
3367.77010644764
3501.41322292847
3604.72453585543
3676.58369372870
3716.10751920491
3722.68156014375
3695.98663365052
3636.01893428054
3543.10247143705
3417.89288675079
3261.37206906375
3074.83341331760
2859.85803348858
2618.28270660285
2352.16076016386
2063.71748532043
1755.30193365188
1429.33711519690
1088.27064817555
734.527817031131
370.468786456229
-1.64858386232385
-379.699247765308
-761.714131089047
-1145.89567151564
-1530.62584931137
-1914.46714678471
-2296.15713708944
-2674.59759227053
-3048.83911558339
-3418.06234968953
-3781.55680047565
-4138.69825882062
-4488.92571348451
-4831.71854074374
-5166.57464213562
-5492.99009004189
-5810.44073847363
-6118.36616724667
-6416.15625318084
-6703.14060131812
-6978.58102006472
-7241.66718307418
-7491.51558336702
-7727.17184716157
-7947.61643190478
-8151.77368136260
-8338.52414762395
-8506.72001400872
-8655.20336417966
-8782.82694297138
-8888.47694708955
-8971.09727418416
-9029.71455372628
-9063.46319070090
-9071.60958213873
-9053.57462568756
-9008.95363664753
-8937.53283127213
-8839.30162313106
-8714.46011601918
-8563.42135748128
-8386.80813370375
-8185.44432778213
-7960.34111471052
-7712.67851151927
-7443.78302307798
-7155.10230763887
-6848.17791839950
-6524.61724939845
-6186.06582197429
-5834.18099305296
-5470.60805484358
-5096.95953740594
-4714.79833420558
-4325.62506085140
-3930.86984332988
-3531.88852742337
-3129.96311639248
-2726.30608706178
-2322.06810947489
-1918.34860338382
-1516.20850439621
-1116.68457998084
-720.804625845735
-329.602881124878
55.8649787321678
434.507883726258
805.187024079344
1166.70565867712
1517.80157660374
1857.14266510939
2183.32598404312
2494.88068307040
2790.27502037189
3067.92764665864
3326.22320365151
3563.53215037531
3778.23457428376
3968.74757025021
4133.55558437852
4271.24292974030
4380.52749850496
4460.29453265815
4509.62918812910
4527.84654939754
4514.51773701374
4469.49080956412
4392.90530059502
4285.19945013497
4147.10948316037
3979.66063992643
3784.15005519726
3562.12198945500
3315.33630642419
3045.73143860060
2755.38335939774
2446.46226593427
2121.18875704569
1781.79126266815
1430.46634869440
1069.34329986493
700.454093284241
325.709542190737
-53.1179593849364
-434.404999824079
-816.681237592153
-1198.62748980200
-1579.06849966027
-1956.96120024295
-2331.37937120712
-2701.49561026536
-3066.56152197064
-3425.88697362622
-3778.81919322846
-4124.72239767653
-4462.95854977472
-4792.86975639693
-5113.76274183853
-5424.89576183893
-5725.46826498122
-6014.61355744549
-6291.39468144004
-6554.80367328203
-6803.76431992711
-7037.13847873474
-7253.73596092013
-7452.32790193729
-7631.66345072303
-7790.48950468742
-7927.57310079160
-8041.72594920905
-8131.83047106190
-8196.86658343269
-8235.93837246519
-8248.29971876412
-8233.37789822331
-8190.79418448958
-8120.38053298699
-8022.19153412571
-7896.51098438285
-7743.85263327953
-7564.95491225019
-7360.76972423113
-7132.44565351055
-6881.30622519431
-6608.82408366317
-6316.59215247873
-6006.29297065740
-5679.66746326611
-5338.48439482627
-4984.51167492860
-4619.49054514524
-4245.11348760364
-3863.00647422750
-3474.71593863360
-3081.70061647298
-2685.32817909000
-2286.87639109627
-1887.53836242628
-1488.43134337441
-1090.60842713590
-695.072475653675
-302.791566156984
85.2847384865160
468.208969069510
845.019817399146
1214.72728841440
1576.29948903982
1928.65155997550
2270.63721020216
2601.04326583675
2918.58759283466
3221.92069379125
3509.63120924439
3780.25547000959
4032.29114639326
4264.21492096846
4474.50397394134
4661.66091603370
4824.24163769064
4960.88537225252
5070.34610390401
5151.52430020022
5203.49782663436
5225.55082033241
5217.19927398334
5178.21211973528
5108.62671251302
5008.75779455419
4879.19927350331
4720.81845438944
4534.74271442842
4322.33897698937
4085.18670210709
3825.04543947058
3543.81826133675
3243.51258694000
2926.20001267793
2593.97676749028
2248.92632267777
1893.08551021637
1528.41526036876
1156.77677965453
779.913677737256
399.440239866919
16.8357509036700
-366.555475961141
-749.518916828125
-1130.96020207775
-1509.89182537277
-1885.41703880556
-2256.71177903504
-2623.00543845746
-2983.56124101082
-3337.65691353648
-3684.56626885589
-4023.54224220471
-4353.80185267301
-4674.51349801254
-4984.78693483392
-5283.66624542698
-5570.12604451994
-5843.07113072612
-6101.33973429373
-6343.71045122431
-6568.91288052898
-6775.64189397878
-6962.57536516931
-7128.39506776285
-7271.81032406474
-7391.58384940747
-7486.55910199651
-7555.68832059232
-7598.06032370139
-7612.92706453163
-7599.72789628233
-7558.11051150711
-7487.94758396227
-7389.34826464350
-7262.66386432103
-7108.48728659268
-6927.64604712661
-6721.18901079547
-6490.36727993407
-6236.60995338866
-5961.49572696837
-5666.72150318033
-5354.06930764044
-5025.37286275823
-4682.48514404360
-4327.24814502726
-3961.46591354674
-3586.88170984813
-3205.15989328560
-2817.87288800537
-2426.49332659399
-2032.39123945858
-1636.83595826641
-1241.00224146090
-845.980011788219
-452.787019164655
-62.3837032577140
324.310477119505
706.399963374792
1082.99594617725
1453.19977974553
1816.08754640251
2170.69630454337
2516.01250215276
2850.96298833534
3174.40900594594
3485.14349704130
3781.89199638772
4063.31732309113
4328.02820307402
4574.59186267065
4801.55052417463
5007.44160740537
5190.82129885754
5350.29099559385
5484.52597095160
5592.30545189372
5672.54315397604
5724.31720135547
5746.89827846630
5739.77482875820
5702.67414410437
5635.57828276174
5538.73391620558
5412.65543244856
5258.12090639357
5076.16087145346
4868.04017133931
4635.23351347384
4379.39566155730
4102.32747112411
3805.93916870502
3492.21238826495
3163.16250082959
2820.80270533289
2467.11119895472
2104.00252827833
1733.30395784848
1356.73740195951
975.907170653482
592.293501827460
207.251604179236
-177.984268184781
-562.292343131879
-944.651197368911
-1324.12475652248
-1699.84523701327
-2070.99481996596
-2436.78680487568
-2796.44693281986
-3149.19550338305
-3494.23084226798
-3830.71461200754
-4157.75939849934
-4474.41895161516
-4779.68140763391
-5072.46577217713
-5351.62189130167
-5615.93408162055
-5864.12852403406
-6094.88444663363
-6306.84902835098
-6498.65584512937
-6668.94655573501
-6816.39538779273
-6939.73584139960
-7037.78888506856
-7109.49178599917
-7153.92660437140
-7170.34730074893
-7158.20436765465
-7117.16591034379
-7047.13417445844
-6948.25665249216
-6820.93109500436
-6665.80399927301
-6483.76243534291
-6275.91938042884
-6043.59304723178
-5788.28098815628
-5511.63001434439
-5215.40316709991
-4901.44510541953
-4571.64731872786
-4227.91453710502
-3872.13359771116
-3506.14584725545
-3131.72393239065
-2750.55357178940
-2364.22063506034
-1974.20359303977
-1581.87116694818
-1188.48480204650
-795.205431868253
-403.103884447290
-13.1742108296072
373.650815970655
756.482783168390
1134.46002822335
1506.73002147154
1872.43237438631
2230.68305049625
2580.56029983957
2921.09278376960
3251.25030543189
3569.93751124081
3875.99087787119
4168.17924446483
4445.20808732101
4705.72766073737
4948.34503987060
5171.63999749938
5374.18452587668
5554.56567880874
5711.41126121193
5843.41773949975
5949.37959431821
6028.21919741020
6079.01617817543
6101.03516478133
6093.75075093481
6056.86856233858
5990.34138307427
5894.37945407296
5769.45427069522
5616.29547586311
5435.88075526900
5229.41897328690
4998.32712034321
4744.20195127128
4468.78745702600
4173.93950966912
3861.58913853591
3533.70592642795
3192.26295843260
2839.20461972550
2476.41833597210
2105.71109887681
1728.79134077962
1347.25643705058
962.585842732952
576.139626384006
189.161960822323
-197.211025965494
-581.939744443981
-964.066748192778
-1342.70023744883
-1716.99623777651
-2086.14019415110
-2449.32866879441
-2805.75177064017
-3154.57688130074
-3494.93418100620
-3825.90442042703
-4146.50933097683
-4455.70501593021
-4752.37861502199
-5035.34848279684
-5303.36806211013
-5555.13356515413
-5789.29549203880
-6004.47391913353
-6199.27737535090
-6372.32499541650
-6522.27149810656
-6647.83438987170
-6747.82264781933
-6821.16600024109
-6866.94380868294
-6884.41247451467
-6873.03025620198
-6832.47840056912
-6762.67756898142
-6663.79868030929
-6536.26749460480
-6380.76251709495
-6198.20609851117
-5989.74892741722
-5756.74843218918
-5500.74191220224
-5223.41547773374
-4926.57007702458
-4612.08601255909
-4281.88738890238
-3937.90789041672
-3582.05916493908
-3216.20290131708
-2842.12745152738
-2461.52958162149
-2076.00166023002
-1687.02432766033
-1295.96444853006
-904.077947995754
-512.516972875003
-122.340706616447
265.470900623645
650.001253520883
1030.37984675445
1405.76434645571
1775.32270456782
2138.21593732082
2493.58214001290
2840.52225180186
3178.08802851210
3505.27262903036
3821.00417059880
4124.14255786108
4413.47983665148
4687.74426259229
4945.60820298021
5185.69990512849
5406.61906322632
5606.95599827258
5785.31413296814
5940.33529896858
6070.72726323186
6175.29271118860
6252.95878689541
6302.80617537268
6324.09663172526
6316.29782667435
6279.10439839113
6212.45418266874
6116.53874004195
5991.80750698396
5838.96516080405
5658.96209095523
5452.97819505976
5222.40054465883
4968.79577059630
4693.87827888716
4399.47560569657
4087.49234044808
3759.87408134589
3418.57283722512
3065.51516027934
2702.57409874660
2331.54581462141
1954.13143909318
1571.92445834447
1186.40365364410
798.931378180372
410.756750303574
23.0231854807781
-363.220420692217
-747.005610728069
-1127.42816164639
-1503.63052832745
-1874.78367003528
-2240.06894748457
-2598.66072005611
-2949.71021195501
-3292.33115636897
-3625.58767025419
-3948.48475967912
-4259.96180553054
-4558.88932940847
-4844.06928641846
-5114.23907160351
-5368.07935628709
-5604.22578650028
-5821.28447582571
-6017.85110874469
-6192.53333909495
-6343.97602482737
-6470.88869044844
-6572.07446012467
-6646.45956711914
-6693.12243013999
-6711.32120601511
-6700.51869213292
-6660.40347092570
-6590.90626903413
-6492.21064832221
-6364.75735227037
-6209.24189165391
-6026.60525460757
-5818.01795028569
-5584.85792108215
-5328.68316299206
-5051.20015505441
-4754.22939769292
-4439.66948186745
-4109.46114837209
-3765.55274867217
-3409.86839179427
-3044.27986865952
-2670.58320325687
-2290.48040924960
-1905.56675156598
-1517.32354429358
-1127.11627464739
-736.197639498034
-345.714922731290
43.2789693169915
429.811562924304
812.974736879210
1191.90727448793
1565.77678327882
1933.76166984758
2295.03379999682
2648.74241378560
2993.99980545619
3329.86922171231
3655.35537895129
3969.39794968340
4270.86831812494
4558.56985158075
4831.24187406536
5087.56745802881
5326.18506595507
5545.70397389515
5744.72329303087
5921.85427431076
6075.74543834104
6205.10992358259
6308.75429823598
6385.60794465200
6434.75201073305
6455.44684223007
6447.15677428347
6409.57117955715
6342.62075053302
6246.48813757756
6121.61226991781
5968.68594589149
5788.64657862178
5582.66030580452
5352.09999643539
5098.51799039246
4823.61466683404
4529.20413526571
4217.17846465668
3889.47190329870
3548.02649450475
3194.76036712809
2831.53978785007
2460.15582150237
2082.30617629223
1699.58253313425
1313.46339129950
925.312222056286
536.380519424126
147.815179369540
-239.330472137626
-624.082747768615
-1005.53153590154
-1382.81287134657
-1755.09087398618
-2121.53974221108
-2481.32643153114
-2833.59458896184
-3177.45025482927
-3511.94978773339
-3836.09041599508
-4148.80376884273
-4448.95269046289
-4735.33158657656
-5006.67049271600
-5261.64298222807
-5498.87794711318
-5716.97518403305
-5914.52460055048
-6090.12872411344
-6242.42805180544
-6370.12862807463
-6472.03108836980
-6547.06026864345
-6594.29436522017
-6612.99254835256
-6602.61989721706
-6562.86854378685
-6493.67399466719
-6395.22574618590
-6267.97151636849
-6112.61467995876
-5930.10479600449
-5721.62144363794
-5488.55190909931
-5232.46357283742
-4955.07210743926
-4658.20679590803
-4343.77440112793
-4013.72305340383
-3670.00757317206
-3314.55751694953
-2949.24903919711
-2575.88141858994
-2196.15882443894
-1811.67761840013
-1423.91921727412
-1034.24830054226
-643.915942876327
-254.067093943039
134.248282561067
520.061163641482
902.467293236052
1280.60964953717
1653.66029026689
2020.80226366396
2381.21221482899
2734.04425586994
3078.41560814237
3413.39446805247
3737.99049484377
4051.14826839077
4351.74401488075
4638.58584511995
4910.41769036912
5165.92705046186
5403.75658537861
5622.51948233000
5820.81841507475
5997.26778180767
6150.51876575418
6279.28661409296
6382.37938369051
6458.72726598404
6507.41148919407
6527.69171548013
6519.03081483519
6481.11591598109
6413.87471394565
6317.48615700934
6192.38484001791
6039.25868896618
5859.03982022203
5652.88877908099
5422.17268547660
5168.43811706254
4893.37981960304
4598.80653259100
4286.60534003363
3958.70599451753
3617.04661621302
3263.54204368748
2900.05592275663
2528.37738026075
2150.20286144098
1767.12343287665
1380.61758661671
992.049340962122
602.671230868999
213.631622956237
-174.014321209928
-559.290776409811
-941.285249290253
-1319.13120193601
-1691.99003697489
-2059.03313090579
-2419.42454633568
-2772.30499443391
-3116.77756025284
-3451.89564785587
-3776.65354987970
-4089.97999609857
-4390.73498535738
-4677.71015163647
-4949.63285431989
-5205.17411132891
-5442.96040855776
-5661.58931792624
-5859.64873872132
-6035.73944396441
-6188.50046867393
-6316.63672573450
-6418.94808550679
-6494.35901713091
-6541.94777391030
-6560.97402401325
-6550.90379233433
-6511.43059937322
-6442.49176511749
-6344.27899273512
-6217.24255592851
-6062.08867709144
-5879.76998751980
-5671.46928771726
-5438.57715380442
-5182.66424219223
-4905.44940674295
-4608.76494131756
-4294.52038160345
-3964.66633563751
-3621.15976196458
-3265.93198456329
-2900.86053747529
-2527.74568712598
-2148.29220691032
-1764.09669748578
-1376.64047652562
-987.287819351632
-597.289128446277
-207.788452064198
180.165337972329
565.604463814079
947.626033345830
1325.37447653369
1698.02336363043
2064.75729308425
2424.75447861043
2777.17060346656
3121.12444966863
3455.68575296180
3779.86568126831
4092.61028394085
4392.79720905302
4679.23593289421
4950.67168611639
5205.79319096487
5443.24424060093
5661.63905257614
5859.58121336897
6035.68590068543
6188.60492819885
6317.05400904394
6419.84148736839
6495.89765118203
6544.30362562093
6564.31876514655
6555.40542728454
6517.25002880719
6449.77936444875
6353.17131096203
6227.85924330614
6074.52974732179
5894.11351138279
5687.76960054068
5456.86363958745
5202.94073371211
4927.69421511101
4632.93150196542
4320.53847839452
3992.44384242613
3650.58482290218
3296.87554180879
2933.17910824673
2561.28429125835
2182.88735080601
1799.57932970562
1412.83884313305
1024.03016220768
634.406185656108
245.115735496386
-142.785498753994
-528.321109527598
-910.577983459107
-1288.68893993427
-1661.81472924676
-2029.12607701989
-2389.78640566088
-2742.93580432316
-3087.67676025074
-3423.06210870306
-3748.08560635339
-4061.67548298441
-4362.69127607832
-4649.92419925655
-4922.10123478665
-5177.89306891209
-5415.92590348078
-5634.79707617122
-5833.09430392032
-6009.41823117492
-6162.40781968289
-6290.76796535362
-6393.29857812540
-6468.92422259694
-6516.72330163172
-6535.95568402930
-6526.08764201475
-6486.81298437940
-6418.06935331279
-6320.04879986892
-6193.20196213919
-6038.23543357040
-5856.10221303719
-5647.98545511020
-5415.27606694403
-5159.54500434937
-4882.51138163548
-4586.00770841951
-4271.94368750774
-3942.27004337666
-3598.94380020316
-3243.89629848588
-2879.00504301684
-2506.07022994465
-2126.79652720998
-1742.78040147830
-1355.50301500605
-966.328473561677
-576.507003138622
-187.182475462754
200.596407788560
585.862026693302
967.711629673411
1345.28976536474
1717.77009704450
2084.33728744697
2444.16958340359
2796.42266832375
3140.21529023664
3474.61711620252
3798.63921082534
4111.22748621991
4411.25942070384
4697.54429042984
4968.82709845830
5223.79631575092
5461.09546512976
5679.33848027587
5877.12865666090
6053.08088105473
6205.84668417703
6334.14151264625
6436.77346931108
6512.67263493218
6560.91997001197
6580.77471493770
6571.69917066983
6533.37976051084
6465.74335270307
6368.96796637759
6243.48718743682
6089.98787861975
5909.40106624663
5702.88620729008
5471.80936344716
5217.71611124464
4942.30027697867
4647.36978339930
4334.81101726576
4006.55316531824
3664.53392003761
3310.66783206012
2946.81839574162
2574.77471525625
2196.23333058160
1812.78550612656
1425.91001848357
1036.97123960431
647.222109152892
257.811431707084
-130.205176955523
-515.851436911417
-898.214413835085
-1276.42715508203
-1649.65068551983
-2017.05604980280
-2377.80703183805
-2731.04412284470
-3075.87025075875
-3411.33872802160
-3736.44382245569
-4050.11430584442
-4351.21028460187
-4638.52356328547
-4910.78173099085
-5166.65608924638
-5404.77345480043
-5623.73176958850
-5822.11933255789
-5998.53733514150
-6151.62523737054
-6280.08837053524
-6382.72700281011
-6458.46596616735
-6506.38382741730
-6525.74050513373
-6516.00219887318
-6476.86251712948
-6408.25877257466
-6310.38255989774
-6183.68394050068
-6028.86882146504
-5846.88942014834
-5638.92803237753
-5406.37464998753
-5150.79927943021
-4873.92007509134
-4577.56859951870
-4263.65364369639
-3934.12507601307
-3590.93913814022
-3236.02647631969
-2871.26400049280
-2498.45141890804
-2119.29302259363
-1735.38501310854
-1348.20839743900
-959.127231689110
-569.391791877625
-180.146092419930
207.560937249416
592.761372083044
974.552085436420
1352.07718782244
1724.50984752128
2091.03418082393
2450.82784139191
2803.04587688274
3146.80636076590
3481.17825039644
3805.17186937349
4117.73236185017
4417.73641637712
4703.99250378710
4975.24481387226
5230.18100552696
5467.44380151346
5685.64635994104
5883.39123925474
6059.29264315538
6212.00148966484
6340.23270000555
6442.79395577184
6518.61503665110
6566.77673670936
6586.53827659120
6577.36209306704
6538.93490573650
6471.18404003993
6374.28812868895
6248.68151791919
6095.05196290034
5914.33149516582
5707.68066634800
5476.46669577535
5222.23635203723
4946.68465851352
4651.62071101695
4338.93201786805
4010.54881101752
3668.40973046318
3314.43015945952
2950.47429737245
2578.33181764470
2199.69969004577
1816.16946956182
1429.22008783667
1040.21594278029
650.409879365477
260.950496555428
-127.106896074021
-512.786415023571
-895.175602683328
-1273.40805424818
-1646.64540533779
-2014.05936707839
-2374.81443933623
-2728.05187334319
-3072.87539622205
-3408.33915414228
-3733.43827846218
-4047.10242910874
-4348.19261921991
-4635.50157146810
-4907.75779581933
-5163.63350713195
-5401.75641586692
-5620.72532418784
-5819.12934224831
-5995.57040671927
-6148.68863895407
-6277.18992925371
-6379.87498433503
-6455.66893712110
-6503.65050256345
-6523.07958215235
-6513.42218439526
-6474.37154848575
-6405.86444034064
-6308.09173673026
-6181.50262190984
-6026.80198401611
-5844.94090212783
-5637.10044119744
-5404.66929957898
-5149.21615965273
-4872.45785383661
-4576.22465680917
-4262.42413576482
-3933.00502618744
-3589.92255042502
-3235.10646691145
-2870.43294212380
-2497.70109287741
-2118.61477359610
-1734.76990246260
-1347.64735098903
-958.611179443486
-568.911797278183
-179.693469956512
207.994516616493
593.183787589145
974.970684658992
1352.49871534353
1724.94038293751
2091.47908487451
2451.29170904370
2803.53249638995
3147.31867798817
3481.71833798976
3805.74090083937
4118.33059081600
4418.36316186160
4704.64614255554
4975.92278128507
5230.87980650898
5468.15903340075
5686.37274897598
5884.12269238440
6060.02231652941
6212.72187482290
6340.93572819267
6443.47112013610
6519.25753128459
6567.37561062682
6587.08459984615
6577.84713133988
6539.35029895342
6471.52197996046
6374.54152999198
6248.84417717309
6095.11869995485
5914.29827196568
5707.54467892783
5476.22643621636
5221.89163838755
4946.23663201743
4651.07180137106
4338.28587853241
4009.81022776623
3667.58450728920
3313.52498659865
2949.49660655442
2577.28962971351
2198.60145984136
1815.02393246494
1428.03611170770
1039.00238823740
649.175470515294
259.703703472654
-128.357962570320
-514.034096389601
-896.412774064100
-1274.62819523957
-1647.84266125769
-2015.22860197028
-2375.95128186227
-2729.15275654845
-3073.93759188882
-3409.36080212669
-3734.41841103947
-4048.04098997121
-4349.09047639744
-4636.36052309675
-4908.58056739267
-5164.42373865320
-5402.51863719890
-5621.46491689054
-5819.85248631607
-5996.28401089309
-6149.40025369294
-6277.90764199982
-6380.60729738766
-6456.42462921874
-6504.43847612776
-6523.90869902460
-6514.30109373982
-6475.30851128536
-6406.86715550202
-6309.16717419711
-6182.65686829681
-6028.04010609908
-5846.26683304272
-5638.51689342490
-5406.17770776441
-5150.81665509095
-4874.14927111837
-4578.00457177212
-4264.28893260867
-3934.94999048876
-3591.94198389163
-3237.19381910291
-2872.58095405564
-2499.90194742296
-2120.86024787445
-1737.05151790928
-1349.95651748726
-960.939330682626
-571.250515335027
-182.034597903685
205.658774533677
590.860778039005
972.667228912804
1350.22104356314
1722.69407786020
2089.26903363749
2449.12206195916
2801.40663165492
3145.23917157078
3479.68693825014
3803.75850779782
4116.39724034893
4416.47801546570
4702.80748365097
4974.12801930789
5229.12549025185
5466.44087517987
5684.68566121430
5882.46083809148
6058.37917491777
6211.09032292386
6339.30813882568
6441.83947595603
6517.61355390434
6565.71090301991
6585.39079942037
6576.11607028795
6537.57416778868
6469.69348959125
6372.65406733253
6246.89194917555
6093.09686110660
5912.20303073799
5705.37337937495
5473.97761187252
5219.56503673736
4943.83320904881
4648.59368697649
4335.73631471598
4007.19348266194
3664.90576883205
3310.79024026698
2946.71250189650
2574.46334038344
2195.74054162188
1812.13618329056
1425.12943707430
1036.08467465634
646.254468902280
256.786923611837
-131.263346032327
-516.921326548785
-899.275583551749
-1277.46086811398
-1650.64008609158
-2017.98631728562
-2378.66551500321
-2731.82045692316
-3076.55645927384
-3411.92931043350
-3736.93582761450
-4050.50739015943
-4351.50675276546
-4638.72838840600
-4910.90255015522
-5166.70316991161
-5404.75962706483
-5623.67231937078
-5822.03185106294
-5998.44152074700
-6151.54264724363
-6280.04212087450
-6382.74141856810
-6458.56618337346
-6506.59535368840
-6526.08874649638
-6516.51196346697
-6477.55750853893
-6409.16108726617
-6311.51220435052
-6185.05838397611
-6030.50259986529
-5848.79380504041
-5641.11077703944
-5408.83982138007
-5153.54718148506
-4876.94726486391
-4580.86799384277
-4267.21471026677
-3937.93409956307
-3594.97954978173
-3240.27923232146
-2875.70799586205
-2503.06392110895
-2124.05011151116
-1740.26201481612
-1353.18030128335
-964.169082472884
-574.479051308631
-185.254966327704
202.453207300496
587.676252342549
969.509526813530
1347.09543316507
1719.60526589510
2086.22112519231
2446.11852629458
2798.45027321363
3142.33210549579
3476.83057000706
3800.95351679935
4113.64356779582
4413.77485692677
4700.15328718705
4971.52049018319
5226.56160345376
5463.91689706915
5682.19718163695
5880.00281419029
6055.94598767604
6208.67584715404
6336.90582688378
6439.44245492959
6515.21473540667
6563.30310405445
6582.96687209282
6573.66903748389
6535.09736134880
6467.18068705354
6370.09962301707
6244.29091529905
6090.44509475629
5909.49728291555
5702.61136293005
5471.15804595248
5216.68766633621
4940.89879928320
4645.60399277707
4332.69402762756
4004.10215732652
3661.76973242916
3307.61448866650
2943.50258652000
2571.22524977276
2192.48058149760
1808.86085848444
1421.84533818482
1032.79837165771
642.972413286608
253.515360008896
-134.518458391726
-520.154382652768
-902.481392224329
-1280.63470321396
-1653.77773023353
-2021.08409906873
-2381.72034068151
-2734.82983731625
-3079.51853251740
-3414.84286092261
-3739.80030121772
-4053.32290549597
-4354.27410805908
-4641.44906317428
-4913.57870077803
-5169.33761796327
-5407.35583920595
-5626.23437759057
-5824.56441215233
-6000.94976407461
-6154.03221020312
-6282.51902177073
-6385.21196720045
-6461.03688013984
-6509.07277864659
-6528.57944044744
-6519.02230372701
-6480.09358259789
-6411.72856794969
-6314.11623036224
-6187.70344976921
-6033.19245865137
-5851.53138838400
-5643.89813391853
-5411.67807884493
-5156.43652816419
-4879.88695760519
-4583.85638680456
-4270.24930485525
-3941.01161281047
-3598.09599812619
-3243.43002731882
-2878.88804815036
-2506.26774895540
-2127.27195048020
-1743.49592547262
-1356.42027234237
-967.409127380839
-577.713296840325
-188.477732367056
199.247337098131
584.492368858744
966.352342246314
1343.96923553441
1716.51388038982
2083.16788143468
2443.10623064830
2795.48118538514
3139.40791886166
3473.95239532526
3798.12186921225
4110.85835729270
4411.03538268639
4697.45823645263
4968.86794251753
5223.94904136768
5461.34122409883
5679.65474895337
5877.48945674707
6053.45707073397
6206.20632375878
6334.45030651999
6436.99528313912
6512.77008365612
6560.85506859151
6580.50957997082
6571.19675739654
6532.60461644008
6464.66236649212
6367.55108888656
6241.70810128601
6087.82459323683
5906.83641735466
5699.90824300749
5468.41160348972
5213.89767088114
4938.06585306279
4642.72950559410
4329.78017309713
4001.15181256566
3658.78640388257
3304.60222714142
2940.46589469746
2568.16898546166
2189.40985971965
1805.78095514995
1418.76159768132
1029.71612016658
639.896879110882
250.451601676838
-137.565615955422
-523.180403998123
-905.482079714869
-1283.60623847938
-1656.71670950862
-2023.98756322784
-2384.58580073485
-2737.65529602453
-3082.30250261855
-3417.58438026342
-3742.49894485949
-4055.97879463075
-4356.88791534646
-4644.02201390132
-4916.11256907027
-5171.83471714534
-5409.81900533815
-5628.66694520353
-5826.97018127405
-6003.33295779947
-6156.39742229255
-6284.87115409828
-6387.55615725110
-6463.37841923148
-6511.41702203765
-6530.93171100275
-6521.38779130138
-6482.47724172681
-6414.13501677473
-6316.54965392936
-6190.16751089591
-6035.69021944385
-5854.06524519413
-5646.46976807004
-5414.28842485245
-5159.08576045336
-4882.57449596406
-4586.58092000896
-4273.00883116715
-3943.80349539989
-3600.91703295415
-3246.27652067126
-2881.75590084310
-2509.15254423864
-2130.16904284018
-1746.40052783209
-1359.32753956517
-970.314234449648
-580.611510562610
-191.364475936441
196.376426928649
581.641391871188
963.525091714386
1341.16916143828
1713.74405817221
2080.43098554962
2440.40451219416
2792.81645321402
3136.78152370536
3471.36521665999
3795.57430478702
4108.35031545608
4408.56627785157
4695.02698822773
4966.47297918640
5221.58830852412
5459.01219930365
5677.35446329006
5875.21452408936
6051.20372540288
6203.97046703481
6332.22756219033
6434.78106190766
6510.55965583753
6558.64364406921
6578.29239394611
6568.96916002124
6530.36216403976
6462.40091178317
6365.26686739827
6239.39781114318
6085.48546555427
5904.46627474929
5697.50554413796
5465.97547206757
5211.42790823098
4935.56293399848
4640.19455807878
4327.21494281740
3998.55861413011
3656.16806081560
3301.96200315811
2937.80741890195
2565.49617411062
2186.72683704738
1803.09197548658
1416.07097074057
1027.02814096991
637.215763584335
247.781428537424
-140.220956789035
-525.817256560880
-908.097061061625
-1286.19627218587
-1659.27905423260
-2026.51983698552
-2387.08600151295
-2740.12181925927
-3084.73415594114
-3419.98039574910
-3744.85898883594
-4058.30297491370
-4359.17678558676
-4646.27657456004
-4918.33426439685
-5174.02542742894
-5411.98103364392
-5630.80299780166
-5829.08334102775
-6005.42664990331
-6158.47537194659
-6286.93733596432
-6389.61473685894
-6465.43368687275
-6513.47332008664
-6532.99335601474
-6523.45899263283
-6484.56201877089
-6416.23711717890
-6318.67247533330
-6192.31402877496
-6037.86292355174
-5856.26608686325
-5648.70012025633
-5416.54905632214
-5161.37682493098
-4884.89553643206
-4588.93088771194
-4275.38611827257
-3946.20597974176
-3603.34213287115
-3248.72125766827
-2884.21696766788
-2511.62637597055
-2132.65188872457
-1748.88852183908
-1361.81676797730
-972.800799158056
-583.091587143765
-193.834365963696
193.920249537523
579.202240374617
961.106031609425
1338.77298057762
1711.37324135722
2078.08769299516
2438.09056129339
2790.53330311287
3134.53026231632
3469.14654989233
3793.38854793483
4106.19738685597
4406.44569508790
4692.93786731526
4964.41403728883
5219.55787086223
5457.00821096126
5675.37450663063
5873.25584244605
6049.26325359407
6202.04486908533
6330.31327640634
6432.87435316682
6508.65667462581
6556.74049143650
6576.38519118504
6567.05412151935
6528.43567144167
6460.45958735207
6363.30764430918
6237.41799839424
6083.48280526035
5902.43898978771
5695.45237444437
5463.89569831422
5209.32136213371
4933.42999505980
4638.03613714385
4325.03245335853
3996.35393264755
3653.94347811701
3299.72016853574
2935.55127935455
2563.22891075681
2184.45180075998
1800.81262356212
1413.79080613007
1024.75065526414
634.944384597029
245.519472988891
-142.470325296118
-528.051064345893
-910.312556230350
-1288.39095197963
-1661.45068836997
-2028.66648752832
-2389.20603976007
-2742.21394009911
-3086.79738998620
-3422.01411944378
-3746.86293258086
-4060.27722909652
-4361.12180425970
-4648.19317636731
-4920.22363023977
-5175.88909427072
-5413.82088380804
-5632.62124311459
-5830.88250120418
-6007.20952467387
-6160.24500658666
-6288.69698009518
-6391.36779665545
-6467.18367111367
-6515.22378081230
-6534.74782489287
-6525.22091445620
-6486.33468379600
-6418.02359423924
-6320.47554780209
-6194.13613549181
-6039.70610675375
-5858.13194897015
-5650.58979105648
-5418.46317170707
-5163.31551785418
-4886.85844025378
-4590.91715157106
-4277.39443363456
-3948.23461684193
-3605.38898543199
-3250.78389403818
-2886.29268641466
-2513.71226396671
-2134.74487987177
-1750.98545477872
-1363.91444139968
-974.896023628642
-585.181232685647