396.332730
395.548489
393.195502
389.273658
383.771063
376.654081
367.870160
357.347333
344.999086
330.731419
314.451221
296.075259
275.539236
252.806474
227.875847
200.787630
171.628257
140.535916
107.703060
73.375170
37.848051
1.462683
-35.402322
-72.340490
-108.929157
-144.742566
-179.365778
-212.408689
-243.519360
-272.395902
-298.796172
-322.544695
-343.536393
-361.736921
-377.179639
-389.959526
-400.224493
-408.164759
-414.001030
-417.972263
-420.323735
-421.296080
-421.115771
-419.987397
-418.087902
-415.562802
-412.524262
-409.050822
-405.188506
-400.953019
44.522314
54.735051
64.465184
73.710982
82.474492
90.760347
98.574637
105.923859
112.813981
119.249636
125.233455
130.765552
135.843148
140.460358
144.608110
148.274210
151.443530
154.098330
156.218680
157.782991
158.768625
159.152588
158.912263
158.026189
156.474852
154.241457
151.312679
147.679342
143.337019
138.286528
132.534286
126.092534
118.979386
111.218733
102.839970
93.877579
84.370570
74.361809
63.897257
53.025161
41.795221
30.257780
18.463066
6.460518
-5.701765
-17.977450
-30.322234
-42.693959
-55.052559
-67.359856
-79.579225
-91.675122
-103.612530
-115.356322
-126.870590
-138.117958
-149.058918
-159.651222
-169.849357
-179.604133
-188.862429
-197.567110
-205.657136
-213.067917
-219.731884
-225.579337
-230.539532
-234.542026
-237.518262
-239.403346
-240.137996
-239.670591
-237.959254
-234.973887
-230.698061
-225.130665
-218.287227
-210.200789
-200.922282
-190.520333
-179.080457
-166.703646
-153.504383
-139.608134
-125.148420
-110.263598
-95.093481
-79.775953
-64.443745
-49.221487
-34.223180
-19.550172
-5.289706
8.485950
21.719772
34.369705
46.407903
57.819557
68.601409
78.760042
88.310045
97.272134
105.671300
113.535054
120.891807
127.769424
134.193971
140.188663
145.773024
150.962242
155.766717
160.191790
164.237641
167.899339
171.167036
174.026285
176.458485
178.441427
179.949940
180.956622
181.432640
181.348604
180.675461
179.385437
177.452966
174.855607
171.574911
167.597215
162.914338
157.524152
151.430997
144.645934
137.186815
129.078155
120.350825
111.041562
101.192314
90.849450
80.062865
68.885020
57.369956
45.572315
33.546431
21.345505
9.020911
-3.378348
-15.806019
-28.218792
-40.576324
-52.841081
-64.978037
-76.954221
-88.738166
-100.299262
-111.607068
-122.630594
-133.337595
-143.693914
-153.662884
-163.204849
-172.276799
-180.832170
-188.820811
-196.189161
-202.880624
-208.836174
-213.995190
-218.296503
-221.679669
-224.086422
-225.462290
-225.758329
-224.932908
-222.953497
-219.798369
-215.458145
-209.937104
-203.254154
-195.443433
-186.554441
-176.651686
-165.813824
-154.132293
-141.709483
-128.656509
-115.090661
-101.132659
-86.903810
-72.523210
-58.105101
-43.756505
-29.575214
-15.648219
-2.050609
11.155032
23.918757
36.202941
47.981570
59.239211
69.969727
80.174826
89.862497
99.045427
107.739439
115.962008
123.730892
131.062912
137.972883
144.472732
150.570784
156.271228
161.573760
166.473388
170.960399
175.020486
178.635004
181.781381
184.433637
186.563037
188.138840
189.129145
189.501815
189.225454
188.270430
186.609893
184.220794
181.084836
177.189351
172.528064
167.101702
160.918432
153.994104
146.352268
138.023975
129.047358
119.466998
109.333103
98.700532
87.627699
76.175410
64.405669
52.380518
40.160947
27.805926
15.371584
2.910574
-9.528360
-21.900616
-34.165756
-46.287331
-58.232539
-69.971720
-81.477737
-92.725261
-103.690004
-114.347923
-124.674441
-134.643700
-144.227895
-153.396695
-162.116791
-170.351591
-178.061068
-185.201800
-191.727191
-197.587894
-202.732447
-207.108099
-210.661841
-213.341603
-215.097616
-215.883885
-215.659740
-214.391412
-212.053574
-208.630779
-204.118731
-198.525317
-191.871341
-184.190892
-175.531324
-165.952806
-155.527438
-144.337960
-132.476086
-120.040520
-107.134746
-93.864669
-80.336221
-66.653033
-52.914265
-39.212685
-25.633077
-12.251012
0.867976
13.668802
26.106853
38.147640
49.766142
60.945877
71.677780
81.958942
91.791271
101.180129
110.132998
118.658215
126.763806
134.456446
141.740559
148.617579
155.085367
161.137798
166.764503
171.950792
176.677717
180.922304
184.657932
187.854855
190.480855
192.502028
193.883668
194.591247
194.591468
193.853360
192.349378
190.056499
186.957249
183.040635
178.302954
172.748417
166.389584
159.247562
151.351957
142.740579
133.458883
123.559187
113.099679
102.143250
90.756206
79.006915
66.964436
54.697195
42.271758
29.751749
17.196957
4.662647
-7.800890
-20.148556
-32.340433
-44.341561
-56.121514
-67.653829
-78.915291
-89.885145
-100.544237
-110.874148
-120.856335
-130.471322
-139.697969
-148.512835
-156.889663
-164.799017
-172.208061
-179.080520
-185.376820
-191.054410
-196.068283
-200.371675
-203.916956
-206.656678
-208.544777
-209.537885
-209.596731
-208.687580
-206.783648
-203.866463
-199.927088
-194.967156
-188.999659
-182.049438
-174.153331
-165.359955
-155.729107
-145.330786
-134.243876
-122.554519
-110.354257
-97.738001
-84.801929
-71.641396
-58.348944
-45.012490
-31.713771
-18.527090
-5.518407
7.255220
19.745832
31.914431
43.730544
55.171520
66.221623
76.870966
87.114351
96.950051
106.378595
115.401593
124.020626
132.236248
140.047100
147.449170
154.435201
160.994251
167.111426
172.767767
177.940310
182.602301
186.723577
190.271101
193.209639
195.502576
197.112847
198.003977
198.141188
197.492560
196.030200
193.731393
190.579680
186.565834
181.688682
175.955737
169.383599
161.998109
153.834223
144.935612
135.353986
125.148165
114.382931
103.127702
91.455084
79.439360
67.154983
54.675131
42.070382
29.407564
16.748819
4.150897
-8.335275
-20.664788
-32.798682
-44.703653
-56.351561
-67.718777
-78.785387
-89.534326
-99.950450
-110.019599
-119.727690
-129.059851
-137.999648
-146.528412
-154.624694
-162.263857
-169.417833
-176.055040
-182.140478
-187.636004
-192.500790
-196.691957
-200.165388
-202.876693
-204.782317
-205.840766
-206.013916
-205.268359
-203.576756
-200.919131
-197.284062
-192.669706
-187.084613
-180.548265
-173.091326
-164.755537
-155.593282
-145.666789
-135.047016
-123.812238
-112.046398
-99.837289
-87.274633
-74.448155
-61.445715
-48.351588
-35.244955
-22.198655
-9.278244
3.458628
15.962505
28.192102
40.113990
51.702026
62.936575
73.803565
84.293437
94.400023
104.119413
113.448839
122.385620
130.926185
139.065216
146.794915
154.104408
160.979314
167.401462
173.348782
178.795357
183.711646
188.064876
191.819587
194.938338
197.382551
199.113483
200.093304
200.286255
199.659852
198.186102
195.842697
192.614120
188.492648
183.479175
177.583838
170.826393
163.236317
154.852619
145.723357
135.904864
125.460706
114.460419
102.978065
91.090663
78.876575
66.413899
53.778947
41.044860
28.280420
15.549093
2.908331
-9.590844
-21.903989
-33.993132
-45.826414
-57.377542
-68.625059
-79.551503
-90.142469
-100.385633
-110.269771
-119.783805
-128.915917
-137.652737
-145.978658
-153.875266
-161.320922
-168.290498
-174.755279
-180.683039
-186.038290
-190.782715
-194.875763
-198.275425
-200.939153
-202.824920
-203.892396
-204.104203
-203.427218
-201.833876
-199.303435
-195.823140
-191.389242
-186.007818
-179.695340
-172.478969
-164.396522
-155.496116
-145.835476
-135.480934
-124.506133
-112.990506
-101.017574
-88.673138
-76.043451
-63.213426
-50.264980
-37.275553
-24.316878
-11.454027
1.255238
13.760807
26.020249
37.998574
49.667726
61.005885
71.996592
82.627757
92.890607
102.778588
112.286299
121.408462
130.138972
138.470050
146.391522
153.890232
160.949606
167.549374
173.665461
179.270046
184.331786
188.816221
192.686330
195.903257
198.427176
200.218291
201.237942
201.449789
200.821054
199.323760
196.935950
193.642815
189.437705
184.322954
178.310496
171.422219
163.690031
155.155630
145.869952
135.892341
125.289427
114.133789
102.502429
90.475134
78.132788
65.555714
52.822095
40.006564
27.178992
14.403526
1.737902
-10.766957
-23.067060
-35.125197
-46.910550
-58.398096
-69.567838
-80.403915
-90.893636
-101.026462
-110.793000
-120.184025
-129.189570
-137.798107
-145.995843
-153.766146
-161.089117
-167.941320
-174.295679
-180.121539
-185.384912
-190.048888
-194.074220
-197.420075
-200.044933
-201.907624
-202.968473
-203.190526
-202.540834
-200.991728
-198.522063
-195.118375
-190.775887
-185.499336
-179.303559
-172.213804
-164.265737
-155.505132
-145.987231
-135.775805
-124.941922
-113.562498
-101.718655
-89.493983
-76.972755
-64.238193
-51.370837
-38.447092
-25.538001
-12.708293
-0.015717
12.489320
24.763815
36.771963
48.484693
59.879006
70.937139
81.645614
91.994208
101.974896
111.580795
120.805161
129.640447
138.077471
146.104698
153.707655
160.868502
167.565755
173.774177
179.464842
184.605364
189.160303
193.091739
196.360005
198.924563
200.745023
201.782264
201.999638
201.364226
199.848098
197.429539
194.094193
189.836074
184.658396
178.574177
171.606580
163.788956
155.164585
145.786096
135.714584
125.018456
113.772041
102.054024
89.945762
77.529559
64.886972
52.097213
39.235715
26.372913
13.573281
0.894655
-11.612163
-23.903497
-35.942631
-47.699391
-59.149518
-70.273881
-81.057562
-91.488856
-101.558251
-111.257390
-120.578090
-129.511416
-138.046856
-146.171611
-153.870017
-161.123113
-167.908370
-174.199579
-179.966920
-185.177190
-189.794216
-193.779431
-197.092613
-199.692775
-201.539187
-202.592509
-202.816007
-202.176818
-200.647215
-198.205846
-194.838873
-190.540987
-185.316231
-179.178590
-172.152322
-164.271978
-155.582114
-146.136682
-135.998119
-125.236155
-113.926391
-102.148697
-89.985501
-77.520041
-64.834645
-52.009124
-39.119328
-26.235928
-13.423458
-0.739646
11.764961
24.047077
36.070483
47.805590
59.228793
70.321656
81.069982
91.462796
101.491305
111.147855
120.424932
129.314238
137.805855
145.887531
153.544105
160.757072
167.504311
173.759977
179.494565
184.675145
189.265769
193.228051
196.521904
199.106428
200.940932
201.986066
202.205034
201.564860
200.037653
197.601842
194.243326
189.956484
184.745006
178.622491
171.612782
163.749995
155.078247
145.651051
135.530421
124.785687
113.492086
101.729168
89.579095
77.124894
64.448745
51.630373
38.745601
25.865135
13.053596
0.368842
-12.138405
-24.424659
-36.453476
-48.195031
-59.625478
-70.726143
-81.482598
-91.883657
-101.920332
-111.584802
-120.869411
-129.765747
-138.263807
-146.351287
-154.013003
-161.230454
-167.981554
-174.240517
-179.977922
-185.160946
-189.753765
-193.718134
-197.014120
-199.600984
-201.438201
-202.486585
-202.709500
-202.074117
-200.552674
-198.123713
-194.773215
-190.495609
-185.294602
-179.183774
-172.186904
-164.338010
-155.681067
-146.269413
-136.164849
-125.436469
-114.159249
-102.412464
-90.277993
-77.838582
-65.176136
-52.370122
-39.496128
-26.624650
-13.820131
-1.140290
11.364257
23.650088
35.680786
47.426516
58.863384
69.972636
80.739731
91.153339
101.204302
110.884603
120.186366
129.100936
137.618051
145.725124
153.406672
160.643881
167.414334
173.691906
179.446826
184.645916
189.252997
193.229473
196.535069
199.128724
200.969618
202.018301
202.237921
201.595481
200.063119
197.619339
194.250165
189.950152
184.723216
178.583228
171.554348
163.671047
154.977826
145.528605
135.385814
124.619204
113.304421
101.521404
89.352674
76.881579
64.190573
51.359602
38.464659
25.576559
12.759978
0.072777
-12.434373
-24.718077
-36.742025
-48.476557
-59.898017
-70.987943
-81.732132
-92.119630
-102.141688
-111.790721
-121.059309
-129.939267
-138.420816
-146.491866
-154.137438
-161.339226
-168.075332
-174.320145
-180.044410
-185.215457
-189.797607
-193.752743
-197.041046
-199.621873
-201.454778
-202.500633
-202.722834
-202.088558
-200.570026
-198.145728
-194.801562
-190.531848
-185.340150
-179.239875
-172.254607
-164.418142
-155.774218
-146.375920
-136.284793
-125.569672
-114.305282
-102.570661
-90.447468
-78.018253
-65.364756
-52.566310
-39.698402
-26.831464
-14.029907
-1.351453
11.153250
23.440720
35.474457
47.224522
58.666903
69.782715
80.557277
90.979118
101.038935
110.728563
120.039986
128.964411
137.491440
145.608359
153.299562
160.546119
167.325504
173.611488
179.374206
184.580387
189.193776
193.175700
196.485824
199.083034
200.926465
201.976642
202.196696
201.553632
200.019603
197.573148
194.200343
189.895810
184.663553
178.517545
171.482062
163.591706
154.891113
145.434352
135.283998
124.509951
113.187996
101.398209
89.223232
76.746519
64.050614
51.215536
38.317330
25.426840
12.608756
-0.079068
-12.585985
-24.868639
-36.890771
-48.622783
-60.041089
-71.127302
-81.867300
-92.250210
-102.267364
-111.911258
-121.174548
-130.049125
-138.525283
-146.590998
-154.231353
-161.428104
-168.159404
-174.399695
-180.119767
-185.286993
-189.865728
-193.817890
-197.103685
-199.682493
-201.513883
-202.558736
-202.780452
-202.146202
-200.628195
-198.204900
-194.862188
-190.594342
-185.404883
-179.307167
-172.324721
-164.491280
-155.850516
-146.455448
-136.367553
-125.655599
-114.394247
-102.662476
-90.541893
-78.115001
-65.463505
-52.666707
-39.800077
-26.934034
-14.132991
-1.454674
11.050253
23.338286
35.372901
47.124128
58.567920
69.685358
80.461726
90.885515
100.947385
110.639139
119.952728
128.879327
137.408510
145.527540
153.220785
160.469296
167.250528
173.538239
179.302548
184.510177
189.124860
193.107921
196.419018
199.017038
200.861117
201.911783
202.132171
201.489296
199.955318
197.508791
194.135800
189.830986
184.598367
178.451933
171.415979
163.525122
154.824020
145.366754
135.215919
124.441426
113.119075
101.328949
89.153699
76.676784
63.980750
51.145616
38.247423
25.357013
12.539067
-0.148570
-12.655258
-24.937651
-36.959502
-48.691223
-60.109237
-71.195169
-81.934902
-92.317572
-102.334517
-111.978236
-121.241390
-130.115871
-138.591971
-146.657665
-154.298033
-161.494825
-168.226188
-174.466556
-180.186710
-185.354012
-189.932808
-193.885003
-197.170792
-199.749543
-201.580812
-202.625470
-202.846907
-202.212284
-200.693804
-198.269929
-194.926529
-190.657885
-185.467522
-179.368800
-172.385255
-164.550635
-155.908623
-146.512256
-136.423029
-125.709732
-114.447046
-102.713972
-90.592139
-78.164073
-65.511497
-52.713731
-39.846263
-26.979525
-14.177941
-1.499246
11.005892
23.293966
35.328453
47.079386
58.522725
69.639557
80.415177
90.838087
100.898963
110.589621
119.902029
128.827381
137.355268
145.472972
153.164884
160.412075
167.192021
173.478503
179.241663
184.448246
189.062007
193.044293
196.354785
198.952387
200.796255
201.846931
202.067565
201.425179
199.891941
197.446403
194.074648
189.771307
184.540382
178.395846
171.361966
163.473333
154.774567
145.319715
135.171330
124.399281
113.079326
101.291508
89.118436
76.643533
63.949312
51.115761
38.218899
25.329547
12.512373
-0.174782
-12.681285
-24.963785
-36.986026
-48.718409
-60.137343
-71.224430
-81.965535
-92.349770
-102.368445
-112.014035
-121.279171
-130.155717
-138.633935
-146.701772
-154.344276
-161.543168
-168.276565
-174.518869
-180.240832
-185.409787
-189.990051
-193.943500
-197.230304
-199.809808
-201.641546
-202.686371
-202.907659
-202.272563
-200.753280
-198.328274
-194.983423
-190.713023
-185.520618
-179.419597
-172.433529
-164.596200
-155.951339
-146.552030
-136.459819
-125.743549
-114.477954
-102.742086
-90.617624
-78.187138
-65.532393
-52.732744
-39.863705
-26.995733
-14.193263
-1.514041
10.991267
23.279159
35.313122
47.063207
58.505393
69.620793
80.394729
90.815733
100.874513
110.562917
119.872948
128.795834
137.321202
145.436368
153.125759
160.370479
167.148043
173.432263
179.193316
184.397981
189.010043
192.990881
196.300204
198.896941
200.740271
201.790755
202.011557
201.369706
199.837375
197.393111
194.022987
189.721617
184.492978
178.351011
171.319944
163.434322
154.738716
145.287118
135.142025
124.373247
113.056484
101.271721
89.101515
76.629238
63.937361
51.105836
38.210649
25.322602
12.506349
-0.180279
-12.686643
-24.969387
-36.992242
-48.725587
-60.145809
-71.234481
-81.977439
-92.363759
-102.384719
-112.032756
-121.300466
-130.179676
-138.660611
-146.731180
-154.376395
-161.577940
-168.313896
-174.558630
-180.282861
-185.453886
-190.035991
-193.991022
-197.279121
-199.859606
-201.691990
-202.737108
-202.958321
-202.322775
-200.802664
-198.376456
-195.030040
-190.757731
-185.563097
-179.459561
-172.470730
-164.630435
-155.982457
-146.579934
-136.484470
-125.764964
-114.496211
-102.757320
-90.630022
-78.196937
-65.539873
-52.738222
-39.867530
-26.998271
-14.194899
-1.515162
10.990272
23.277910
35.311254
47.060373
58.501272
69.615090
80.387181
90.806109
100.862618
110.548592
119.856070
128.776317
137.298996
145.411462
153.098177
160.340282
167.115326
173.397158
179.155988
184.358627
188.968894
192.948196
196.256269
198.852067
200.694792
201.745021
201.965930
201.324557
199.793076
197.350030
193.981480
189.682020
184.455602
178.316134
171.287806
163.405116
154.712587
145.264156
135.122263
124.356660
113.042991
101.261186
89.093747
76.624002
63.934377
51.104789
38.211198
25.324385
12.508989
-0.177161
-12.683427
-24.966443
-36.989924
-48.724231
-60.145725
-71.235955
-81.980722
-92.369072
-102.392250
-112.042656
-121.312852
-130.194629
-138.678175
-146.751366
-154.399179
-161.603263
-168.341666
-174.588722
-180.315118
-185.488119
-190.071984
-194.028529
-197.317871
-199.899305
-201.732326
-202.777750
-202.998928
-202.362997
-200.842152
-198.414866
-195.067037
-190.792997
-185.596340
-179.490518
-172.499175
-164.656185
-156.005374
-146.599932
-136.501514
-125.779074
-114.507460
-102.765833
-90.635972
-78.200543
-65.541392
-52.737946
-39.865774
-26.995372
-14.191205
-1.511026
10.994499
23.281884
35.314644
47.062868
58.502582
69.614952
80.385359
90.802400
100.856846
110.540619
119.845786
128.763648
137.283903
145.393935
153.078239
160.317991
167.090771
173.370456
179.127287
184.328105
188.936756
192.914672
196.221613
198.816557
200.658720
201.708697
201.929673
201.288694
199.757932
197.315928
193.948731
189.650919
184.426421
178.289115
171.263157
163.383007
154.693142
145.247452
135.108328
124.345473
113.034478
101.255227
89.090177
76.622614
63.934928
51.107005
38.214781
25.329020
12.514351
-0.171402
-12.677598
-24.960864
-36.984902
-48.720055
-60.142663
-71.234251
-81.980593
-92.370708
-102.395808
-112.048267
-121.320614
-130.204610
-138.690413
-146.765868
-154.415921
-161.622195
-168.362706
-174.611763
-180.340022
-185.514727
-190.100107
-194.057959
-197.348375
-199.930633
-201.764209
-202.809908
-203.031070
-202.394828
-200.873374
-198.445186
-195.096171
-190.820678
-185.622320
-179.514575
-172.521119
-164.675860
-156.022666
-146.614768
-136.513866
-125.788960
-114.514943
-102.771018
-90.639008
-78.201615
-65.540717
-52.735769
-39.862362
-26.991010
-14.186186
-1.505647
10.999941
23.287102
35.319361
47.066821
58.505529
69.616673
80.385657
90.801103
100.853812
110.535729
119.838952
128.754808
137.273023
145.381010
153.063291
160.301067
167.071945
173.349827
179.104981
184.304270
188.911562
192.888312
196.194299
198.788518
200.630201
201.679954
201.900973
201.260306
199.730128
197.288974
193.922885
189.626425
184.403504
178.267977
171.243969
163.365907
154.678234
145.234800
135.097954
124.337358
113.028564
101.251413
89.088327
76.622555
63.936460
51.109902
38.218798
25.333897
12.519819
-0.165614
-12.671761
-24.955241
-36.979745
-48.715603
-60.139136
-71.231848
-81.979494
-92.371066
-102.397756
-112.051909
-121.326031
-130.211857
-138.699521
-146.776841
-154.428741
-161.636818
-168.379066
-174.629770
-180.359565
-185.535672
-190.122302
-194.081230
-197.372533
-199.955471
-201.789510
-202.835440
-203.056595
-202.420105
-200.898159
-198.469239
-195.119261
-190.842586
-185.642843
-179.533532
-172.538355
-164.691250
-156.036115
-146.626217
-136.523293
-125.796380
-114.520406
-102.774613
-90.640855
-78.201864
-65.539547
-52.733380
-39.858974
-26.986853
-14.181499
-1.500673
11.004962
23.291933
35.323777
47.070610
58.508493
69.618632
80.386452
90.800594
100.851882
110.532284
119.833919
128.748139
137.264690
145.371008
153.051638
160.287802
167.057127
173.333540
179.087325
184.285364
188.891547
192.867344
196.172550
198.766174
200.607461
201.657026
201.878072
201.237651
199.707940
197.267468
193.902271
189.606901
184.385252
178.251159
171.228725
163.352350
154.666447
145.224834
135.089829
124.331058
113.024041
101.248586
89.087084
76.622759
63.937948
51.112492
38.222291
25.338081
12.524478
-0.160701
-12.666811
-24.950468
-36.975354
-48.711785
-60.136070
-71.229696
-81.978400
-92.371156
-102.399134
-112.054662
-121.330223
-130.217533
-138.706705
-146.785538
-154.438935
-161.648474
-168.392130
-174.644169
-180.375210
-185.552454
-190.140096
-194.099898
-197.391921
-199.975412
-201.809826
-202.855947
-203.077099
-202.440409
-200.918068
-198.488559
-195.137805
-190.860175
-185.659315
-179.548741
-172.552174
-164.703578
-156.046876
-146.635363
-136.530806
-125.802272
-114.524719
-102.777418
-90.642248
-78.201969
-65.538507
-52.731358
-39.856145
-26.983405
-14.177626
-1.496571
11.009099
23.295914
35.327420
47.073742
58.510955
69.620279
80.387154
90.800241
100.850377
110.529550
119.829899
128.742791
137.257994
145.362960
153.042251
160.277109
167.045177
173.320398
179.073072
184.270099
188.875381
192.850404
196.154976
198.748115
200.589079
201.638489
201.859553
201.219329
199.689992
197.250069
193.885591
189.591099
184.370476
178.237540
171.216377
163.341364
154.656891
145.216750
135.083231
124.325935
113.020353
101.246269
89.086048
76.622892
63.939118
51.114552
38.225079
25.341428
12.528208
-0.156767
-12.662849
-24.946651
-36.971846
-48.708744
-60.133639
-71.228007
-81.977569
-92.371285
-102.400310
-112.056952
-121.333682
-130.222195
-138.712591
-146.792651
-154.447264
-161.657989
-168.402788
-174.655911
-180.387962
-185.566130
-190.154595
-194.115106
-197.407713
-199.991654
-201.826374
-202.872648
-203.093799
-202.456948
-200.934286
-198.504298
-195.152914
-190.874510
-185.672741
-179.561141
-172.563445
-164.713637
-156.055662
-146.642837
-136.536954
-125.807102
-114.528266
-102.779738
-90.643422
-78.202096
-65.537704
-52.729756
-39.853889
-26.980646
-14.174521
-1.493281
11.012416
23.299103
35.330333
47.076238
58.512905
69.621564
80.387669
90.799893
100.849091
110.527262
119.826562
128.738372
137.252474
145.356337
153.034537
160.268328
167.035370
173.309617
179.061386
184.257586
188.862132
192.836522
196.140575
198.733318
200.574016
201.623299
201.844378
201.204314
199.675281
197.235806
193.871913
189.578138
184.358352
178.226362
171.206236
163.332336
154.649030
145.210091
135.077788
124.321697
113.017289
101.244324
89.085151
76.622951
63.940026
51.116187
38.227310
25.344116
12.531209
-0.153598
-12.659659
-24.943579
-36.969028
-48.706308
