0
0
0
24.7707956100376
71.1670223141477
111.567643920453
146.526010918693
176.525554643320
201.986431817735
223.270892883317
240.688124603155
254.498760273857
264.919571856512
272.128540418999
276.270377895673
277.462486597115
275.801282660997
271.368767408420
264.239138814888
254.485239451331
242.184845371857
227.426675697769
210.315730614122
190.977715637974
169.562422093302
146.245891933984
121.231229738506
94.7479731173691
67.0499938260590
38.4119731170716
9.12457230773405
-20.5115022804844
-50.1922684045158
-79.6177394899973
-108.499326199582
-136.566978424328
-163.575688261498
-189.311012216346
-213.593333522253
-236.280668066406
-257.269912841325
-276.496535580286
-293.932799449953
-309.584699366560
-323.487850388524
-335.702609789459
-346.308731536293
-355.399846227745
-363.078034437883
-369.448721666064
-374.616074233787
-378.679022988875
-381.727990455309
-383.842350945058
-385.088614723401
-385.519297926434
-385.172419773274
-384.071557000537
-382.226381051018
-379.633604696443
-376.278269677022
-372.135313885643
-367.171364110229
-361.346707164760
-354.617397509953
-346.937462649513
-338.261168471840
-328.545305371576
-317.751452773006
-305.848175152715
-292.813097563497
-278.634803863759
-263.314497293349
-246.867361645471
-229.323562927118
-210.728836779985
-191.144616508575
-170.647670468021
-149.329235551391
-127.293654915374
-104.656551807378
-81.5425959502787
-58.0829426748810
-34.4124460044256
-10.6667633731075
13.0205199825653
36.5206158527166
59.7119808192434
82.4823733277164
104.730426181803
126.366666046149
147.313940883415
167.507247309321
186.892980407479
205.427656548911
223.076183522359
239.809770629953
255.603583761376
270.434256844245
284.277372016567
297.105017309257
308.883523724214
319.571474564800
329.118069834395
337.461918340676
344.530320372581
350.239094618543
354.492994150969
357.186747251273
358.206748758973
357.433415495369
354.744204091677
350.017270296884
343.135724860862
333.992412107139
322.495103622386
308.571962100055
292.177091096441
273.295947950704
251.950362849514
228.202881089808
202.160132472820
173.974935845026
143.846871871381
112.021105734050
78.7853142798056
44.4646674634271
9.41492726334887
-25.9861487110228
-61.3487866818802
-96.2821324044122
-130.405623997148
-163.360223743372
-194.818913297929
-224.495885496355
-252.153940597262
-277.609709849409
-300.736474600754
-321.464511040166
-339.779053535656
-355.716118047907
-369.356548058586
-380.818729419814
-390.250462786721
-397.820483056750
-403.710079145965
-408.105202458891
-411.189368451374
-413.137563090315
-414.111274276993
-414.254685119822
-413.691996686284
-412.525795450949
-410.836345769742
-408.681669235066
-406.098268332653
-403.102358353573
-399.691485710033
-395.846429498957
-391.533303577885
-386.705796309871
-381.307502809196
-375.274318833023
-368.536875757069
-361.023002099229
-352.660198904850
-343.378114344462
-333.110997682347
-321.800105114782
-309.396020758838
-295.860846320845
-281.170203793990
-265.314988069358
-248.302801714509
-230.159003402609
-210.927305403863
-190.669864741164
-169.466827253357
-147.415303641963
-124.627780840952
-101.229999479611
-77.3583570846417
-53.1569249196575
-28.7741917347985
-4.35966796867463
19.9395028599385
43.9817741944459
67.6341212621968
90.7745281030584
113.293926834892
135.097508693563
156.105360565436
176.252416971796
195.487753058301
213.773276570134
231.081903982649
247.395326469599
262.701484520954
276.991875800063
290.258819935100
302.492797545943
313.679970385291
323.799976580213
332.824081050212
340.713747440490
347.419685164743
352.881413797498
357.027377063182
359.775629626657
361.035111081198
360.707512035934
358.689726023959
354.876867130359
349.165816003374
341.459235804363
331.669974657377
319.725742814323
305.573922231250
289.186335407407
270.563771682729
249.740045793710
226.785348794928
201.808648984935
174.958913445034
146.424951656939
116.433732611843
85.2470953636307
53.1568575887272
20.4784227053108
-12.4569132447313
-45.3106567419818
-77.7464315278521
-109.439468006538
-140.085789258670
-169.410617065121
-197.175559243978
-223.184212016957
-247.285912283739
-269.377495584263
-289.403044968430
-307.351741971324
-323.254042124693
-337.176484728046
-349.215503879303
-359.490632594382
-368.137485417571
-375.300871529774
-381.128336503690
-385.764364184804
-389.345398432372
-391.995774562533
-393.824587781981
-394.923474402343
-395.365243091218
-395.203268130918
-394.471543615687
-393.185294825399
-391.342048273336
-388.923072587393
-385.895116006640
-382.212380706254
-377.818687641410
-372.649796793342
-366.635855703952
-359.703953492910
-351.780758015536
-342.795210611367
-332.681246463874
-321.380499642543
-308.844941349421
-295.039388849295
-279.943812273760
-263.555358286439
-245.890004816361
-226.983760951965
-206.893331670925
-185.696179054974
-163.489930235645
-140.391107202378
-116.533183813226
-92.0640092763163
-67.1426728383580
-41.9359188136547
-16.6142515867394
8.65210594423234
33.6972222547907
58.3632532484841
82.5038500654874
105.987023486950
128.697339279838
150.537356357180
171.428262222696
191.309704445239
210.138859441066
227.888817529935
244.546393617193
260.109494344494
274.584184516202
287.981598353079
300.314835754727
311.595971952452
321.833292707963
331.028848616936
339.176402985036
346.259829672130
352.252001289455
357.114194709190
360.796030030260
363.235950527371
364.362243943470
364.094598800635
362.346182137889
359.026216205297
354.043020273527
347.307469244228
338.736802924785
328.258698872590
315.815498351549
301.368450466953
284.901815794098
266.426650119319
245.984073957529
223.647827142040
199.525912724859
173.761152945789
146.530513564773
118.043101651589
88.5368047464732
58.2736132354842
27.5337482575265
-3.39120151761300
-34.2058562766433
-64.6189956404133
-94.3515037044871
-123.143913526695
-150.763169199615
-177.008265442335
-201.714492293848
-224.756100402064
-246.047302788426
-265.541632759146
-283.229775589039
-299.136075431331
-313.313982221179
-325.840742311871
-336.811650192787
-346.334168537419
-354.522193850458
-361.490700423973
-367.350942130091
-372.206335614039
-376.149094808361
-379.257639304808
-381.594760570140
-383.206501492039
-384.121686307306
-384.352028669120
-383.892743879731
-382.723595220578
-380.810311820875
-378.106324677920
-374.554776566700
-370.090769254063
-364.643816618749
-358.140474293258
-350.507114967267
-341.672813551398
-331.572298349151
-320.148913886350
-307.357529047201
-293.167311857364
-277.564281027678
-260.553535740643
-242.161060663325
-222.435004240380
-201.446336145637
-179.288805127367
-156.078141586145
-131.950479600852
-107.060009528526
-81.5759127400628
-55.6786718297307
-29.5558895719890
-3.39778459791352
22.6074420433280
48.2781603530894
73.4435740661071
97.9474939713921
121.651448997121
144.436999548671
166.207163679479
186.886917737043
206.422785002883
224.781574441509
241.948373407768
257.923930330640
272.721584403460
286.363908766223
298.879232281115
310.298194404942
320.650470097732
329.961779711687
338.251274888451
345.529367871691
351.796050048919
357.039727115462
361.236583535933
364.350477928244
366.333363101027
367.126218875064
366.660481434228
364.859948621539
361.643135205724
356.926044735055
350.625314466763
342.661676651378
332.963663211101
321.471462089435
308.140813262511
292.946812069138
275.887469049238
256.986861127228
236.297701164672
213.903154023067
189.917739403354
164.487186333935
137.787141818426
110.020686201687
81.4146682811836
52.2149406907601
22.6806459548270
-6.92222975344484
-36.3277607572454
-65.2771272738166
-93.5254631479540
-120.848168007237
-147.046371324110
-171.951284356459
-195.427243791505
-217.373332363386
-237.723549576699
-256.445592221733
-273.538382263694
-289.028542808183
-302.966066950261
-315.419447408821
-326.470537215330
-336.209395662048
-344.729343029462
-352.122407000195
-358.475298054597
-363.866005114328
-368.361060055544
-372.013483209369
-374.861393227051
-376.927244258414
-378.217640911850
-378.723675882968
-378.421734963232
-377.274717659235
-375.233627132699
-372.239489000153
-368.225563327515
-363.119816832100
-356.847622110366
-349.334647244633
-340.509892365677
-330.308819978062
-318.676513757066
-305.570787094188
-290.965149189727
-274.851524487880
-257.242612393673
-238.173770204074
-217.704304611624
-195.918067288168
-172.923268739368
-148.851451990448
-123.855603071322
-98.1074171842143
-71.7937854541464
-45.1126141200700
-18.2681322335079
8.53411848777419
35.0923907146358
61.2137005491934
86.7184249167665
111.444310825872
135.249712148865
158.015914315235
179.648461036435
200.077455423866
219.256865802875
237.162919549994
253.791712482090
269.156193903095
283.282706899904
296.207269786989
307.971778889842
318.620297265980
328.195571240113
336.735889758986
344.272373407680
350.826752918280
356.409672988446
361.019537365190
364.641895902550
367.249363518875
368.802054013018
369.248507551730
368.527088116615
366.567825044209
363.294669821518
358.628134500864
352.488270724536
344.797937987775
335.486296394026
324.492443173580
311.769094496991
297.286195909759
281.034327734286
263.027758033380
243.306987391704
221.940629028957
199.026476558201
174.691631493908
149.091594079163
122.408263812245
94.8468486984922
66.6317419764892
38.0014879486029
9.20301975359141
-19.5145938733342
-47.9066138742802
-75.7390041382583
-102.794403857480
-128.877406900754
-153.818894103930
-177.479220743240
-199.750131570887
-220.555353595603
-239.849895522440
-257.618155760260
-273.871002365269
-288.642033914366
-301.983257686159
-313.960430275827
-324.648297347752
-334.125946585899
-342.472454950126
-349.762972397000
-356.065343450589
-361.437329023235
-365.924456450947
-369.558497604403
-372.356553969531
-374.320713700668
-375.438238086035
-375.682232402260
-375.012757271837
-373.378339787311
-370.717847304065
-366.962689583006
-362.039315796553
-355.871971019682
-348.385671782606
-339.509351999736
-329.179119423751
-317.341549391284
-303.956928073454
-289.002343088434
-272.474506801698
-254.392188723353
-234.798129932330
-213.760316098354
-191.372497786153
-167.753868124742
-143.047838686159
-117.419893732399
-91.0545490770159
-64.1514919396029
-36.9210288107423
-9.57901541741089
17.6585178475231
44.5808041239113
70.9875883401728
96.6939361140658
121.534375280625
145.366179408044
168.071653176108
189.559338977661
209.764127545235
228.646317509198
246.189724596740
262.398986594304
277.296242414900
290.917381332908
303.308061880518
314.519690579472
324.605531148581
333.617088213028
341.600879143573
348.595676556575
354.630274785544
359.721808176611
363.874628483177
367.079733317531
369.314727292748
370.544291387723
370.721133081740
369.787388642402
367.676448288194
364.315173550993
359.626472993662
353.532196724611
345.956301460713
336.828226168276
326.086403916394
313.681819290215
299.581503730760
283.771845066761
266.261574155402
247.084283004665
226.300327073193
203.997971498719
180.293658218102
155.331299047297
129.280538607654
102.333979250323
74.7034154213122
46.6151837085263
18.3047927184203
-9.98895097456260
-38.0300632217710
-65.5914652690113
-92.4607377943853
-118.445266913270
-143.376535373833
-167.113362195674
-189.543957698431
-210.586732795424
-230.189875390086
-248.329776468985
-265.008448474048
-280.250124484170
-294.097256062638
-306.606139602675
-317.842396656893
-327.876515542086
-336.779632934761
-344.619699153317
-351.458133270478
-357.347037580242
-362.327007986641
-366.425549426728
-369.656084414496
-372.017528291375
-373.494396208307
-374.057403167339
-373.664518241511
-372.262435874273
-369.788429467398
-366.172553981453
-361.340163914390
-355.214710009755
-347.720771937457
-338.787274918651
-328.350826151301
-316.359092643697
-302.774126765634
-287.575530907106
-270.763339791529
-252.360490094377
-232.414743966193
-210.999937596227
-188.216439463419
-164.190726207851
-139.074017134180
-113.039950298461
-86.2813319737960
-59.0060440845927
-31.4322471541877
-3.78306509673977
23.7190216542860
50.8578207438272
77.4288447739871
103.244241346558
128.137001572927
151.964253356611
174.609500151658
195.983729160709
216.025379684800
234.699226978639
251.994294329690
267.920951988288
282.507393255429
295.795694320719
307.837665763081
318.690691784205
328.413731051791
337.063623865217
344.691817715697
351.341590413519
357.045819439859
361.825319941367
365.687752901691
368.627089802398
370.623610174079
371.644402980805
371.644340590038
370.567493803351
368.348956692241
364.917049536310
360.195865941380
354.108125445712
346.578285162172
337.535853188267
326.918832981761
314.677212396949
300.776394756649
285.200453712044
267.955080521331
249.070083739524
228.601299154635
206.631773947800
183.272104905348
158.659836829807
132.957863977859
106.351823256632
79.0465207890513
51.2614900093426
23.2258355013295
-4.82743235131383
-32.6673259323177
-60.0707995462061
-86.8283773710249
-112.749218545878
-137.665377089934
-161.435060998217
-183.944755078628
-205.110140790259
-224.875817624037
-243.213898432668
-260.121610150459
-275.618077303121
-289.740495937087
-302.539919202287
-314.076873603208
-324.417009113164
-333.626960148313
-341.770561552231
-348.905528006707
-355.080670035872
-360.333687708873
-364.689556132382
-368.159495843720
-370.740506443417
-372.415432744675
-373.153528370917
-372.911480794500
-371.634862835122
-369.259977193420
-365.716061384821
-360.927819386671
-354.818242636386
-347.311676278401
-338.337076685327
-327.831393599573
-315.742995480666
-302.035040912405
-286.688683684292
-269.705986155693
-251.112406654811
-230.958723898787
-209.322266524764
-186.307330193754
-162.044689162618
-136.690143688605
-110.422088129065
-83.4381350596724
-55.9508850677987
-28.1829861434554
-0.361676309885288
27.2869562744178
54.5437342303425
81.2019006584913
107.072113099541
131.986683512308
155.802869213207
178.405076420711
199.705903507558
219.646019697654
238.192940988858
255.338823254846
271.097438559875
285.500531966703
298.593771459443
310.432503606097
321.077514214066
330.590969460709
339.032682331985
346.456815281739
352.909096120774
358.424592933528
363.026067188846
366.722903209452
369.510597052702
371.370778226783
372.271732612809
372.169393250501
371.008765884761
368.725756968380
365.249371895383
360.504249535588
354.413494873701
346.901764282891
337.898547614598
327.341578192595
315.180286694921
301.379198921151
285.921162059984
268.810271063936
250.074358049157
229.766905235244
207.968247616629
184.785946713017
160.354242153786
134.832523439786
108.402808919546
81.2662706570753
53.6388992584084
25.7464578110738
-2.18107570746298
-29.9153375447440
-57.2354119266104
-83.9333927097249
-109.819405172596
-134.725848045741
-158.510660808137
-181.059479714812
-202.286613047257
-222.134835962260
-240.574072180892
-257.599088267426
-273.226372176780
-287.490398407807
-300.439496512046
-312.131538561165
-322.629646566151
-331.998095864314
-340.298558769943
-347.586797998347
-353.909884848319
-359.303985547095
-363.792732394586
-367.386175403744
-370.080295236006
-371.857048920675
-372.684915171125
-372.519904797466
-371.307002347478
-368.982006271671
-365.473735315699
-360.706567424580
-354.603273417206
-347.088100614957
-338.090051417958
-327.546288846453
-315.405586036691
-301.631720726309
-286.206700363901
-269.133690396108
-250.439509463163
-230.176552633434
-208.424009224454
-185.288256598219
-160.902336367955
-135.424454662772
-109.035492416937
-81.9355629565109
-54.3397092852888
-26.4728884048669
1.43555981596333
29.1577209287297
56.4729259020394
83.1733071149605
109.068823098842
133.991512068577
157.798778633933
180.375575993327
201.635412514912
221.520181210209
239.998877351420
257.065328038245
272.735103647200
287.041812074427
300.032991493993
311.765816639695
322.302819430003
331.707800152734
340.042074004759
347.361163204841
353.712010488308
359.130758239307
363.641110703540
367.253275683185
369.963467080261
371.753940189510
372.593526809537
372.438635783334
371.234685088725
368.917932668747
365.417673536671
360.658769242238
354.564471763549
347.059496849695
338.073291713063
327.543429083151
315.419044714182
301.664219605970
286.261192923331
269.213278639124
250.547350208111
230.315755054722
208.597526110363
185.498772460776
161.152156138817
135.715397169937
109.368793100222
82.3117902933067
54.7586991265565
26.9336998510452
-0.934664224874187
-28.6192690327445
-55.9002033450045
-82.5702993181012
-108.440134054255
-133.342263412245
-157.134493412070
-179.702052176117
-200.958591589503
-220.846017087203
-239.333210369959
-256.413768110510
-272.102925625491
-286.433865348913
-299.453624736151
-311.218817587015
-321.791368737260
-331.234437667889
-339.608675393242
-346.968924651558
-353.361439239483
-358.821666978478
-363.372614150507
-367.023788319222
-369.770701494865
-371.594906172484
-372.464531940116
-372.335288861869
-371.151904286139
-368.849960706844
-365.358102532331
-360.600578025235
-354.500078486665
-346.980829528120
-337.971878938138
-327.410512539628
-315.245714285908
-301.441570790777
-285.980505019405
-268.866210757491
-250.126150676591
-229.813478296640
-208.008249714740
-184.817806030726
-160.376232736645
-134.842837888056
-108.399635571570
-81.2478728721263
-53.6036940295272
-25.6930907007392
2.25366237846629
30.0078461902175
57.3481434680718
84.0662147046643
109.971735695990
134.896655943585
158.698482122030
181.262449283693
202.502509590915
222.361138395841
240.808024539122
257.837770450477
273.466773764735
287.729493005919
300.674314447250
312.359236204280
322.847571052082
332.203844474305
340.490032681751
347.762250467938
354.067964137740
359.443773046323
363.913776400040
367.488520921089
370.164509985287
371.924245457706
372.736768723753
372.558666073983
371.335504233272
369.003663015948
365.492532549948
360.727041175264
354.630476203591
347.127552783836
338.147676082334
327.628329181984
315.518504257313
301.782078807925
286.401023498046
269.378315203834
250.740420135112
230.539209319620
208.853174094806
185.787823938855
161.475173769506
136.072262700646
109.758690138597
82.7332059227234
55.2094458425351
27.4109583204796
-0.434282171710310
-28.0996388980540
-55.3655907482524
-82.0252508100900
-107.889360415829
-132.790520318073
-156.586464435472
-179.162238868209
-200.431214808999
-220.334932939801
-238.841843115383
-255.945061302003
-271.659311654882
-286.017252567327
-299.065400476678
-310.859864780077
-321.462093406404
-330.934804423629
-339.338248085689
-346.726909563876
-353.146728559862
-358.632880731433
-363.208139253900
-366.881813922301
-369.649250213332
-371.491861246326
-372.377660683987
-372.262263048472
-371.090318297997
-368.797348412440
-365.311953892267
-360.558356417351
-354.459239660645
-346.938842964682
-337.926252200246
-327.358818968625
-315.185624120765
-301.370885482522
-285.897194186903
-268.768450900122
-250.012364442478
-229.682372823567
-207.858852338430
-184.649495515723
-160.188764150831
-134.636359330354
-108.174695183642
-81.0054149190151
-53.3450433093020
-25.4199251148791
2.53935063039014
30.3037996818909
57.6518971652494
84.3751598931203
110.283187596306
135.207922178001
159.006929177943
181.565564291696
202.797955085937
222.646798224547
241.082039669152
258.098564074001
273.713065715897
287.960304079937
300.888961678988
312.557320509962
323.028958847732
332.368644960503
340.638572439660
347.895046868042
354.185698846496
359.547266654525
364.003964915922
367.566434593261
370.231254662803
371.980986469177
372.784717071803
372.599066598838
371.369625300079
369.032787222685
365.517947933441
360.750032408261
354.652315322397
347.149489060157
338.170924751280
327.654058857031
315.547822998514
301.816018956904
286.440525546490
269.424211113925
250.793416672062
230.599872078285
208.921912993821
185.864881006410
161.560614045631
136.165969024770
109.860362474991
82.8423657016174
55.3254455680183
27.5329964301932
-0.307141498127580
-27.9684415733843
-55.2314651122964
-81.8893775415502
-107.752941252407
-132.654746888894
-156.452488495131
-179.031145119926
-200.303997324939
-220.212475946227
-238.724906630987
-255.834271824116
-271.555157804854
-285.920085354753
-298.975437639085
-310.777198510651
-321.386700701113
-330.866559258478
-339.276934667477
-346.672235972947
-353.098340208403
-358.590373183078
-363.171070077960
-366.849713379046
-369.621630677915
-371.468225373169
-372.357508388030
-372.245097433881
-371.075650699327
-368.784702729607
-365.300870401170
-360.548395225116
-354.449983950790
-346.929902145428
-337.917265031059
-327.349456698104
-315.175593625356
-301.359932352449
-285.885105665533
-268.755058548035
-249.997546370332
-229.666055320774
-207.841010719849
-184.630154017734
-160.167994732183
-134.614279271986
-108.151463434091
-80.9812271953301
-53.3201260337300
-25.3945283400070
2.56496108669760
30.3293506114295
57.6771165302571
84.3997852249562
110.306973882841
135.230648912800
159.028406288635
181.585636727733
202.816505921836
222.663750217156
241.097355289550
258.112244109700
273.725146601688
287.970854162046
300.898076645337
312.565118229209
323.035573853166
332.374222794755
340.643264046483
347.899003182244
354.189065696447
359.550180056986
364.006546812913
367.568789057139
370.233464579531
371.983110701086
372.786788099452
372.601088645710
371.371572952467
369.034604568526
365.519548256124
360.751298482902
354.653100370723
347.149618424380
338.170198345553
327.652254446042
315.544700335493
301.811324787515
286.433999450780
269.415592116818
250.782450505410
230.586318926919
208.905555507715
185.845532315104
161.538125473807
136.140237183917
109.831335399398
82.8100477106353
55.2899005722785
27.4943494570772
-0.348704707283966
-28.0126769495373
-55.2780745823787
-81.9380151411880
-107.803220783955
-132.706250800862
-156.504777600787
-179.083768741323
-200.356503446065
-220.264420984889
-238.775864490074
-255.883841953511
-271.602972088375
-285.965813724337
-299.018792403381
-310.817937460722
-321.424629116993
-330.901530983752
-339.308852443527
-346.701051230573
-353.124052503910
-358.613029441488
-363.190763771024
-366.866583723628
-369.635861894422
-371.480045996922
-372.367190581432
-372.252956206006
-371.082042904038
-368.790025685011
-365.305559953635
-360.552923071527
-354.454854034492
-346.935645955637
-337.924435663349
-327.358621575570
-315.187325836226
-301.374800629573
-285.903663114387
-268.777830319714
-250.025016569962
-229.698653534141
-207.879098624964
-184.674012615826
-160.217812776559
-134.670143486073
-108.213351086115
-81.0490015332650
-53.3935349802222
-25.4732067065450
2.48148577646884
30.2416487866641
57.5858440149245
84.3056679258374
110.210790346055
135.133211485144
158.930541683830
181.488166806234
202.720229446121
222.569426247754
241.005688750344
258.023873887680
273.640636371331
287.890685952923
300.822647016859
312.494736789076
322.970463763012
332.314522850679
340.589031903047
347.850219302528
354.145637652289
359.511946865827
363.973283073588
367.540208729859
370.209224339292
371.962812874079
372.769983264976
372.587278049047
371.360210925164
369.025101190192
365.511272515254
360.743582202333
354.645243155444
347.140893864720
338.159861666713
327.639551735370
315.528879402270
301.791647617722
286.409756114037
269.386115868477
250.747133709439
230.544629311892
208.857052167560
185.789880787498
161.475111181680
136.069776517803
109.753483756823
82.7250038967162
55.1980071025452
27.3960884840091
-0.452719908399807
-28.1217147662913
-55.3913017178311
-82.0545165102624
-107.922021847693
-132.826341401464
-156.625136292545
-179.203386613777
-200.474406505008
-220.379690286803
-238.887653403078
-255.991390126015
-271.705615926381
-286.062993391227
-299.110055545636
-310.902940016869
-321.503133677149
-330.973403230440
-339.374056222242
-346.759642775825
-353.176174290610
-358.658904051172
-363.230688066562
-366.900923522997
-369.665047231067
-371.504566956918
-372.387593620462
-372.269840775053
-371.096058153772
-368.801866976392
-365.315964877215
-360.562666670971
-354.464742941630
-346.946511175382
-337.937123797426
-327.373984344066
-315.206207844737
-301.398025435252
-285.932017763336
-268.812048656048
-250.065761746899
-229.746500281490
-207.934515935698
-184.737347596805
-160.289276454618
-134.749799361547
-108.301107174794
-81.1446065316009
-53.4965790287771
-25.5831270197830
2.36539438812197
30.1202187375925
57.4600156031478
84.1764665630900
110.079301287683
135.000553123777
158.797838534126
181.356523293854
202.590705524697
222.443015712164
240.883300908632
257.906319016842
273.528615135314
287.784782725123
300.723326841960
312.402345553578
322.885231028370
332.236566740132
340.518365420760
347.786757495424
354.089205092229
359.462285022552
363.930057257155
367.503014395819
370.177592662883
371.936215605075
372.747836968108
372.568947913109
371.345014385199
369.012311650473
365.500123485497
360.733272165374
354.634941471096
347.129747981481
338.147005860317
327.624117521120
315.510007677662
301.768502484966
286.381540212023
269.352086915376
250.706621826990
230.497054578760
208.801941741347
185.726884853411
161.404016940480
135.990519425506
109.666155280207
82.6298551550264
55.0954479254220
27.2866816219427
-0.568269443585301
-28.2425749936421
-55.5165331161658
-82.1830948512182
-108.052863506256
-132.958330082899
-156.757150051915
-179.334324058512
-200.603211160182
-220.505372257613
-239.009307674211
-256.108211073764
-271.816907865375
-286.168177212925
-299.208671712619
-310.994648342127
-321.587710432906
-331.050736194021
-339.444138279197
-346.822564669152
-353.232117038089
-358.708131460460
-363.273539669873
-366.937808139081
-369.696437249602
-371.530993335553
-372.409641491917
-372.288145484089
-371.111301483118
-368.814773278131
-365.327296802085
-360.573220183008
-354.475341319794
-346.957997737439
-337.950353134477
-327.389811926317
-315.225477949333
-301.421557453231
-285.960591061658
-268.846386297189
-250.106513496289
-229.794225453720
-207.989666734710
-184.800253683013
-160.360131513182
-134.828650442263
-108.387847518935
-81.2389724919366
-53.5981515277199
-25.6913377840404
2.25125181786756
30.0009734802151
57.3365999061403
84.0498930100218
109.950637674002
134.870896057839
158.668286875678
181.228152521291
202.464544027829
222.320023848802
240.764353456421
257.792191416036
273.419973674489
287.682178590429
300.627193748650
312.313000518996
322.802877735834
332.161300885392
340.450181424267
347.725555998177
354.034800721678
359.414414007927
363.888384580793
367.467140279462
370.147058298041
371.910508138419
372.726393842369
372.551160738319
371.330232572757
368.999846082650
365.489250515189
360.723238245103
354.624968696277
347.119040800805
338.134759155866
327.609526192888
315.492277782576
301.746863881195
286.355260548459
269.320486688182
250.669090106154
230.453064895160
208.751067527671
185.668813759599
161.338563305460
135.917634189744
109.585932673918
82.5425355971907
55.0014167174793
27.1864632108468
-0.674021636406813
-28.3530929430344
-55.6309522935889
-82.3004753702510
-108.172213454377
-133.078630061594
-156.877377894190
-179.453478710507
-200.720334799474
-220.619569866169
-239.119763474543
-256.214201454687
-271.917810649531
-286.263477333108
-299.297963551907
-311.077635141912
-321.664201276036
-331.120641125216
-339.507462134095
-346.879400152432
-353.282637528267
-358.752583933374
-363.312238033695
-366.971127169386
-369.724807210690
-371.554895279274
-372.429603141799
-372.304737543092
-371.125134149499
-368.826492716413
-365.337581295466
-360.582775689827
-354.484896170027
-346.968296235686
-337.962147883381
-327.403854748473
-315.242509365412
-301.442294767472
-285.985715210020
-268.876527724022
-250.142237436522
-229.836017102287
-208.037916874866
-184.855245411750
-160.422028736466
-134.897488807875
-108.463528405015
-81.3212605726537
-53.6866762956451
-25.7855992278664
2.15187339105281
29.8972037124460
57.2292532008303
83.9398525433979
109.838833421270
134.758281757955
158.555816904375
181.116759621307
202.355118760672
222.213396492431
240.661278891663
257.693337338376
273.325912255392
287.593381511157
300.544030354494
312.235738704062
322.731687074266
332.096257476032
340.391273909725
347.672692250515
353.987814747596
359.373072707833
363.852394089701
367.436151715478
370.120672839712
371.888281440324
372.707839875505
372.535755205693
371.317416099893
368.989027416786
365.479809985552
360.714531739736
354.616332398495
347.109796900462
338.124222707377
327.597013233818
315.477114754465
301.728398309835
286.332872846722
269.293602844673
250.637194922481
230.415715339944
208.707905693866
185.619578851117
161.283102047181
135.855909058500
109.518027391691
82.4686574137075
54.9218951360527
27.1017449732643
-0.763381302216626
-28.4464426078737
-55.7275597409630
-82.3995455557796
-108.272908280832
-133.180089140712
-156.978739423373
-179.553899609187
-200.819009324161
-220.715746047444
-239.212756881355
-256.303405976073
-272.002706174804
-286.343634392938
-299.373045140974
-311.147396068961
-321.728485473282
-331.179377394492
-339.560658813848
-346.927139162759
-353.325068197391
-358.789916936231
-363.344739689303
-366.999114255624
-369.748642368836
-371.574983000928
-372.446386260789
-372.318694096906
-371.136774429901
-368.836356297812
-365.346233812634
-360.590805133729
-354.492908481949
-346.976910005443
-337.971987997094
-327.415544884784
-315.256663305240
-301.459506559911
-286.006548323218
-268.901503401347
-250.171822570115
-229.870612022437
-208.077843527710
-184.900736452344
-160.473218092340
-134.954404263573
-108.526086716505
-81.3892655401411
-53.7598201057078
-25.8634672260512
2.06979450916813
29.8115144883482
57.1406271569125
83.8490196264854
109.746561821243
134.665358865631
158.463030209820
181.024878335879
202.264876875449
222.125477869500
240.576304834308
257.611856915648
273.248395480973
287.520215310343
300.475517108820
312.172097049619
322.673054552377
332.042694595001
340.342769171814
347.629167724484
353.949131817524
359.339037696451
363.822763531796
367.410637137730
370.098944982073
371.869973926666
372.692552404729
372.523056386992
371.306846096289
368.980100588908
365.472017742787
360.707345808275
354.609208705436
347.102180250166
338.115552390690
327.586729663094
315.464667158167
301.713253451380
286.314524655273
269.271582763991
250.611082701951
230.385149914683
208.672595734435
185.579312514143
161.237755432492
135.805452881599
109.462531416446
82.4082922606927
54.8569311857126
27.0325482156123
-0.836356466114985
-28.5226634432698
-55.8064278041549
-82.4804113878486
-108.355087573130
-133.262879694504
-157.061438191500
-179.635819121819
-200.899492861909
-220.794181027009
-239.288586051650
-256.376136173781
-272.071914544343
-286.408972123794
-299.434238904401
-311.204247437919
-321.780868679483
-331.227235813129
-339.604000571757
-346.966032243443
-353.359635372230
-358.820330791615
-363.371217950809
-367.021915538447
-369.768062413343
-371.591351387198
-372.460063539042
-372.330069223473
-371.146262361947
-368.844395574815
-365.353283938887
-360.597343573935
-354.499427091301
-346.983910736434
-337.979977757569
-327.425029465079
-315.268140345996
-301.473457594948
-286.023430001791
-268.921738068152
-250.195788455770
-229.898633367054
-208.110181020073
-184.937578411374
-160.514672840119
-135.000494135427
-108.576744119872
-81.4443314088317
-53.8190450008789
-25.9265152139344
2.00333921292643
29.7421382673236
57.0688754423820
83.7754834855932
109.671863231854
134.590135296627
158.387919155441
180.950502438146
202.191830211429
222.054313886032
240.507526290982
257.545908058721
273.185656528763
287.460999196200
300.420068310991
312.120592245490
322.625604771993
331.999348516455
340.303517197490
347.593946498321
353.917828884360
359.311496059126
363.798785924355
367.389989898474
370.081361473951
371.855157511286
372.680179027636
372.512776874324
371.298288295653
368.972871509825
365.465705864322
360.701523723359
354.603436263044
347.096008337856
338.108527471261
327.578399140498
315.454585599980
301.700989639211
286.299669372229
269.253757162346
250.589947027831
230.360412304186
208.644020741882
185.546728993435
161.201063371778
135.764628794084
109.417631919419
82.3594555319183
54.8043760703011
26.9765708636721
-0.895388426516346
-28.5843190606076
-55.8702230170713
-82.5458209108289
-108.421557971055
-133.329843098000
-157.128326077172
-179.702075593002
-200.964586915157
-220.857617372053
-239.349914159919
-256.434957352808
-272.127886961522
-286.461813822622
-299.483728960681
-311.250225485725
-321.823233093242
-331.265940861798
-339.639052865208
-346.997486773060
-353.387591412005
-358.844927877828
-363.392632102841
-367.040355825126
-369.783767912323
-371.604588532307
-372.471123804466
-372.339267055441
-371.153933239107
-368.850894058103
-365.358981560581
-360.602626413788
-354.504692895163
-346.989565449641
-337.986431371423
-327.432691109790
-315.277412606868
-301.484730079409
-286.037072241399
-268.938091899590
-250.215160085060
-229.921285377718
-208.136324634550
-184.967366350737
-160.548193145568
-135.037765312040
-108.617711935946
-81.4888676315532
-53.8669482721221
-25.9775141719667
1.94958057337667
29.6860131250529
57.0108248173107
83.7159853991686
109.611420802238
134.529264268826
158.327135390863
180.890309876450
202.132709771380
221.996713696094
240.451853541940
257.492522659001
273.134866628184
287.413058535136
300.375175257391
312.078890307885
322.587184325858
331.964249455100
340.271732215586
347.565424733273
353.892479673695
359.289192616236
363.779368785605
367.373270047578
370.067123101152
371.843160412449
372.670160689996
372.504454330082
371.291359851103
368.967018476059
365.460594425467
360.696807079942
354.598757181295
347.091002220691
338.102826043369
327.571634808610
315.446396510600
301.691025410621
286.287597427045
269.239269533229
250.572767455059
230.340303392991
208.620790903771
185.520238863321
161.171231375763
135.731435544816
109.381123139587
82.3197432527617
54.7616379202095
26.9310473490436
-0.943398645040475
-28.6344657854983
-55.9221128071980
-82.5990267364077
-108.475629837754
-133.384319194813
-157.182743979888
-179.755983064386
-201.017551883118
-220.909236734077
-239.399821149247
-256.482827301174
-272.173441395805
-286.504822930091
-299.524012542356
-311.287652584396
-321.857720528713
-331.297450930101
-339.667590461925
-347.023096186259
-353.410353001267
-358.864954816686
-363.410067316805
-367.055369210160
-369.796553872342
-371.615363831506
-372.480125692713
-372.346751593902
-371.160173729178
-368.856179460109
-365.363614779579
-360.606922328314
-354.508976010851
-346.994167073317
-337.991686222529
-327.438933314531
-315.284971055908
-301.493923171402
-286.048202080819
-268.951438066291
-250.230973142176
-229.939780330832
-208.157674594785
-184.991696683806
-160.575576404016
-135.068217245649
-108.651188853242
-81.5252653425678
-53.9061027797964
-26.0192041996107
1.90562922374314
29.6401214874260
56.9633531508983
83.6673243415593
109.561981647174
134.479468776997
158.277405562287
180.841058103754
202.084329755873
221.949572446557
240.406284695841
257.448821274635
273.093285502368
287.373806012141
300.338414417459
312.044739362783
322.555718007319
331.935501160376
340.245696671757