396.332729760601
395.548488725237
393.195501603943
389.273658208811
383.771063222603
376.654080854672
367.870159830113
357.347333453935
344.999086483597
330.731419386601
314.451221326225
296.075259138546
275.539235875871
252.806474340484
227.875846940279
200.787630380046
171.628257432814
140.535916198269
107.703059760040
73.3751702971342
37.8480513127528
1.46268324844213
-35.4023216109337
-72.3404896487497
-108.929156812422
-144.742565613801
-179.365778077881
-212.408688637376
-243.519360158651
-272.395902386820
-298.796171789916
-322.544694543440
-343.536393451655
-361.736920791719
-377.179639008850
-389.959526318348
-400.224493432617
-408.164759098886
-414.001030407143
-417.972262668112
-420.323734897496
-421.296080187057
-421.115771004940
-419.987396523332
-418.087901612477
-415.562802205227
-412.524262321430
-409.050822094271
-405.188506454708
-400.953018985996
-396.332729760601
-391.292192583000
-385.775968112339
-379.712577289954
-373.018457892810
-365.601840915958
-357.366499512872
-348.215349569281
-338.053897122695
-326.793534241974
-314.354682850975
-300.669777001639
-285.686060251222
-269.368158205043
-251.700369134407
-232.688600031620
-212.361863589747
-190.773245288191
-168.000250642988
-144.144451957976
-119.330372262669
-93.7035715346316
-67.4279359654775
-40.6822132519262
-13.6558831163580
13.4555008463919
40.4553182270917
67.1510216701030
93.3591684287285
118.910092077077
143.651969300447
167.454060791791
190.208946152759
211.833627734794
232.269443435067
251.480798338989
269.452793981832
286.187896211307
301.701833277240
316.018951304087
329.167272885084
341.173506192794
352.058238480189
361.831522286039
370.489029076625
378.008907772029
384.349448673628
389.447620042544
393.218517215274
395.555743682528
396.332729760601
395.404986008684
392.613283183148
387.787745497409
380.752836258486
371.333201648326
359.360316977414
344.679848322873
327.159600208787
306.697867257874
283.231946359554
256.746499302591
227.281389155648
194.938553731824
159.887434410469
122.368457450619
82.6940768317519
41.2469407119695
-1.52515640415419
-45.1177246949198
-88.9814271933393
-132.537087261194
-175.193364538620
-216.366355963824
-255.500152310574
-292.087208752674
-325.687296203090
-355.943808721183
-382.596321571418
-405.488522362453
-424.570957997214
-439.898423773452
-451.622228833766
-459.977960395121
-465.269695325216
-467.851836906887
-468.109865101280
-466.441274166042
-463.237842100642
-458.870155796180
-453.675036913952
-447.946212979960
-441.928290560979
-435.813840737775
-429.743220059731
-423.806631066069
-418.047874101413
-412.469247937832
-407.037107365209
-401.687666241993
-396.332729760601
-390.865137224066
-385.163786807455
-379.098190192577
-372.532564217917
-365.329507824936
-357.353336435823
-348.473154431720
-338.565742177223
-327.518319822404
-315.231228628386
-301.620544360304
-286.620608728087
-270.186436115413
-252.295925979669
-232.951788303989
-212.183072230473
-190.046178279311
-166.625233932690
-142.031722061188
-116.403272399944
-89.9015580386641
-62.7092807866223
-35.0262794179226
-7.06485025948699
20.9555735350713
48.8141839971733
76.2947561023908
103.191523257891
129.314677212573
154.495203905855
178.588792882531
201.478604437930
223.076742634066
243.324358838842
262.190393139336
279.669042776111
295.776120632417
310.544526704682
324.019096927942
336.251114399734
347.292767906203
357.191823834303
365.986743922194
373.702437838689
380.346791668963
385.908066091745
390.353215551944
393.627144969515
395.652894919817
396.332729760601
395.550094584269
393.172403884761
389.054624568801
383.043615277135
374.983179864825
364.719782661151
352.108854777014
337.021593103259
319.352116647065
299.024799581886
276.001549240694
250.288744016259
221.943495809627
191.078860489846
157.867594791172
122.544056428783
85.4038727123833
46.8010668945151
7.14243373546032
-33.1209044040054
-73.5046573154515
-113.504944092212
-152.613786655493
-190.335827015701
-226.205415941508
-259.803113848543
-290.770608596927
-318.823101460962
-343.758345253715
-365.461730793472
-383.907092627088
-399.153216364863
-411.336346490765
-420.659281811654
-427.377875564201
-431.785905751006
-434.199336232157
-434.940950164389
-434.326215738647
-432.651060137560
-430.182007062307
-427.148903297479
-423.740245332909
-420.100937309292
-416.332178595925
-412.493097734757
-408.603717212576
-404.648843423660
-400.582518066089
-396.332729760601
-391.806157057031
-386.892786961111
-381.470319625646
-375.408325192148
-368.572160379443
-360.826679503293
-352.039787703801
-342.085884671207
-330.849237042533
-318.227299113912
-304.133976917310
-288.502802430537
-271.289955133818
-252.477039729035
-232.073504057417
-210.118562537714
-186.682480159108
-161.867072330934
-135.805288419441
-108.659772632197
-80.6203351701783
-51.9003182371150
-22.7319032495198
6.63952624884005
35.9617818121425
64.9827780095358
93.4576469545613
121.155717500140
147.867001218396
173.407836784940
197.625380537129
220.400692320270
241.650248088405
261.325807480616
279.412667393768
295.926432266329
310.908519530832
324.420687031776
336.538912974306
347.346975849406
356.930072454628
365.368780001364
372.733618869842
379.080412566478
384.446577855957
388.848417276567
392.279433396481
394.709642596612
396.085837362876
396.332729760601
395.354903202964
393.039502018503
389.259595276169
383.878159279335
376.752628734960
367.739966977353
356.702198624230
343.512332373109
328.060576981188
310.260720521092
290.056503557179
267.427773820188
242.396167194269
215.030022214242
185.448208335333
153.822537832890
120.378442958833
85.3936386911789
49.1945601760456
12.1504634331481
-25.3347944485592
-62.8331297561164
-99.9044337252794
-136.110113453397
-171.027341229480
-204.263271946874
-235.468427940304
-264.348451239406
-290.673491134201
-314.284629171807
-335.096935392498
-353.098982427612
-368.348895855133
-380.967264653745
-391.127449665406
-399.043989320524
-404.959895787840
-409.133655008738
-411.826693646014
-413.291965854217
-413.764160039217
-413.451850679182
-412.531743220502
-411.144998862963
-409.395494014181
-407.349774131654
-405.038405871700
-402.458412465533
-399.576489094332
-396.332729760601
-392.644646130071
-388.411313898276
-383.517536505358
-377.837964202658
-371.241145010362
-363.593511035547
-354.763318318926
-344.624561257392
-333.060874873807
-319.969421469293
-305.264734560356
-288.882464810304
-270.782942470330
-250.954441396506
-229.416003896990
-206.219666449314
-181.451916607706
-155.234213832043
-127.722423630756
-99.1050466134419
-69.6001719460893
-39.4511470187784
-8.92102898018317
21.7140353850078
52.1722732073851
82.1742887481334
111.451240810224
139.752788274964
166.854384189442
192.563516251787
216.724540812250
239.221836230588
259.981103883874
278.968762732901
296.189505621545
311.682201197498
325.514423992767
337.775968287217
348.571743440315
358.014457583455
366.217474759712
373.288182821770
379.322143004629
384.398215606509
388.574778164202
391.887080379261
394.345719515273
395.936174503458
396.619307748141
396.332729760601
394.992920818438
392.498012344080
388.731144614388
383.564332734455
376.862785886553
368.489632700100
358.311005996652
346.201431868774
332.049450721270
315.763372159474
297.277033017951
276.555390869413
253.599747388921
228.452361086628
201.200181861456
171.977425569604
140.966710250267
108.398501096043
74.5486617575277
39.7339863061272
4.30568782459383
-31.3590581285783
-66.8672814517031
-101.821724779272
-135.833189545405
-168.533115339003
-199.585719054407
-228.699000368288
-255.633955199410
-280.211430580220
-302.316197953612
-321.898006090829
-338.969582993614
-353.601768172193
-365.916151501454
-376.075753231653
-384.274386908120
-390.725394565833
-395.650430549007
-399.268902690205
-401.788569199402
-403.397652038083
-404.258679683710
-404.504129894437
-404.233819308277
-403.513890282373
-402.377180588456
-400.824728476432
-398.828160811680
-396.332729760601
-393.260796941061
-389.515606014838
-384.985228956968
-379.546612404625
-373.069684645524
-365.421508416987
-356.470478476921
-346.090565667727
-334.165601570371
-320.593581158020
-305.290936958437
-288.196709410572
-269.276507015393
-248.526119514131
-225.974620906052
-201.686780002023
-175.764587714975
-148.347715434940
-119.612740033509
-89.7710097202473
-59.0650812087069
-27.7637308392337
3.84437304369636
35.4581574602840
66.7725212648381
97.4872467862386
127.316026526420
155.995143910508
183.291338034346
209.008409039151
232.992183566182
255.133555216011
275.369435763545
293.681588615684
310.093454203949
324.665204755692
337.487371413983
348.673460857781
358.352016054096
366.658575505562
373.727950507967
379.687177192293
384.649418562841
388.709001430324
391.937683789297
394.382168008601
396.062810109487
396.973428672713
397.082089224360
396.332729760601
394.647497198611
391.929678806188
388.067132521946
382.936141144350
376.405633799688
368.341730845746
358.612573295868
347.093393778875
333.671772746485
318.253001766079
300.765446814417
281.165770846467
259.443839629108
235.627101631803
209.784205889927
182.027605708348
152.514895303598
121.448644950481
89.0745408494616
55.6777001300013
21.5771183958137
-12.8816863081012
-47.3356493400052
-81.4144467723475
-114.751667423213
-146.996342731851
-177.824237761351
-206.948277461627
-234.127501062001
-259.174006699802
-281.957465272408
-302.406938511664
-320.509917895675
-336.308691156649
-349.894323280176
-361.398691448655
-370.985124088578
-378.838253932020
-385.153700917974
-390.128156282688
-393.950353233403
-396.793294944014
-398.807981862990
-400.118751839472
-400.820230666380
-400.975796333050
-400.617392717177
-399.746488934251
-398.335967129266
-396.332729760601
-393.660841596579
-390.225055454276
-385.914608182973
-380.607209384245
-374.173175847421
-366.479686870327
-357.395147920940
-346.793651921741
-334.559519149442
-320.591879433325
-304.809235729845
-287.153918516310
-267.596308522973
-246.138674260740
-222.818444067286
-197.710713630001
-170.929782756589
-142.629522832513
-113.002401517361
-82.2770352729662
-50.7142032480906
-18.6013359533912
13.7544149636530
46.0343198041870
77.9171220836675
109.088604937659
139.251211106917
168.133215075647
195.496941596170
221.145559807953
244.928056309304
266.742099398702
286.534641663931
304.300257229146
320.077359370812
333.942579734302
346.003699442758
356.391595593744
365.251698920137
372.735449498931
378.992191655566
384.161874662582
388.368832855340
391.716818572242
394.285364372060
396.127465892633
397.268509435668
397.706321879117
397.412195016052
396.332729760601
394.392354067555
391.496387190728
387.534547125296
382.384823113230
375.917656991868
368.000392887843
358.501962246242
347.297769371233
334.274731409939
319.336406774749
302.408118907752
283.441950319112
262.421447923311
239.365848383130
214.333605430795
187.424984198357
158.783484639177
128.595870912610
97.0906189863899
64.5346521193879
31.2283128354125
-2.50138232783580
-36.3090479688393
-69.8405209708579
-102.743351531132
-134.677711232394
-165.327165329556
-194.408723095087
-221.681590555800
-246.954107348659
-270.088451850727
-291.002839093280
-309.671102397647
-326.119726797893
-340.422573099235
-352.693679336217
-363.078637612536
-371.745109492903
-378.873058549661
-384.645246469306
-389.238466640751
-392.815887583078
-395.520761182796
-397.471630890033
-398.759064586843
-399.443844780128
-399.556480586285
-399.097863594923
-398.040871902263
-396.332729760601
-393.897949254076
-390.641709403674
-386.453561455377
-381.211381798284
-374.785521962850
-367.043125558572
-357.852593048647
-347.088176189891
-334.634674969797
-320.392191920103
-304.280873434517
-286.245537428223
-266.260054145795
-244.331315413908
-220.502600767026
-194.856130471354
-167.514589323467
-138.641414641509
-108.439669787119
-77.1493723506931
-45.0432136622314
-12.4206914052970
20.3992245675533
53.0866681954773
85.3103669076633
116.747625690055
147.094316589605
176.074346127691
203.448072483100
229.019185339833
252.639643401397
274.212382568817
293.691652140294
311.080994174722
326.429037510078
339.823417923889
351.383246524252
361.250620182623
369.581695888394
376.537835685707
382.277275511232
386.947688739606
390.679914815897
393.583016903321
395.740730960823
397.209280888965
398.016466229434
398.161883108677
397.618115487874
396.332729760601
394.230917143245
391.218650104673
387.186246110022
382.012259441672
375.567645814100
367.720161895232
358.338970697856
347.299423131097
334.487975758478
319.807185795265
303.180698156803
284.558108197986
263.919550543883
241.279832528560
216.691904077970
190.249438471119
162.088294328497
132.386642044182
101.363570489574
69.2760436312427
36.4141513686757
3.09469184768324
-30.3467712456407
-63.5651207259085
-96.2158028580073
-127.965390110020
-158.502060787217
-187.545431322308
-214.855183317326
-240.237978681363
-263.552251005487
-284.710593284026
-303.679620255668
-320.477353540988
-335.168343171411
-347.856884111588
-358.678797431772
-367.792313489189
-375.368614696987
-381.582569653005
-386.604125090507
-390.590727659192
-393.681036458175
-395.990072361139
-397.605843004578
-398.587391784126
-398.964150975186
-398.736435400899
-397.876893079154
-396.332729760601
-394.028540433300
-390.869607212865
-386.745554069729
-381.534279637236
-375.106115871974
-367.328179647188
-358.068894591767
-347.202660811253
-334.614640637992
-320.205610161248
-303.896800607544
-285.634622937466
-265.395136130144
-243.188087868444
-219.060329428193
-193.098388440961
-165.429977734038
-136.224229176976
-105.690471120287
-74.0754180929594
-41.6587117202504
-8.74684003310351
24.3344361437692
57.2489131152040
89.6596884602179
121.239384391938
151.680345358696
180.704267295200
208.070717755011
233.584050974067
257.098308869564
278.519822441501
297.807377932281
314.969974871072
330.062363367920
343.178690378564
354.444695852413
364.008970204240
372.033809850327
378.686188383193
384.129303006965
388.515068622032
391.977827195221
394.629430070119
396.555746869591
397.814565504820
398.434779357015
398.416712503023
397.733411485010
396.332729760601
394.140044191550
391.061466515837
386.987441395066
381.796651495637
375.360175134340
367.545860294353
358.222888354816
347.266500752600
334.562852016214
320.013934017832
303.542490463148
285.096809831300
264.655252041795
242.230332435352
217.872159987056
191.671009022465
163.758799041154
134.309269142048
103.536664749356
71.6928063263619
39.0624822462844
5.95719852918131
-27.2925780508531
-60.3464370655640
-92.8639483787071
-124.515045981732
-154.990355082788
-184.010909557749
-211.336711116692
-236.773629694730
-260.178235504622
-281.460280878430
-300.582703946960
-317.559192368553
-332.449507921269
-345.352916201796
-356.400176546959
-365.744616187593
-373.552835235037
-379.995566511300
-385.239152573209
-389.438011476788
-392.728355006643
-395.223310803361
-397.009494398747
-398.144987504153
-398.658610714540
-398.550334479808
-397.792651116449
-396.332729760601
-394.095190893440
-390.985362042254
-386.892906081425
-381.695743345294
-375.264214503264
-367.465449860436
-358.167920534688
-347.246146947348
-334.585530300443
-320.087254073058
-303.673176658113
-285.290605340315
-264.916808737620
-242.563092954219
-218.278239782488
-192.151087324788
-164.312028329294
-134.933212913825
-104.227272951271
-72.4444366993871
-39.8679740238070
-6.80800240533104
26.4062128931101
59.4352216539131
91.9392649538960
123.588621579051
154.073911247481
183.115804268691
210.473590454859
235.952106981330
259.406614449084
280.745336761732
299.929533210300
316.971136503139
331.928152679711
344.898162338451
356.010373993575
365.416750160997
373.282750518798
379.778215173239
385.068850646524
389.308691483515
392.633803378396
395.157381940817
396.966295983498
398.119034440206
398.644947497661
398.544627713165
397.791255231997
396.332729760601
394.094426145741
390.982434935654
386.887178783942
381.687325124558
375.253941174889
367.454856024935
358.159204427997
347.242127029808
334.589592194464
320.103286167955
303.705492657500
285.343852247931
264.995859265354
242.672922082168
218.423786180638
192.337101516325
164.542910773404
135.212846525941
104.558855856094
72.8303221059027
40.3095248937999
7.30546893353747
-25.8537851633345
-58.8300460611031
-91.2848247144651
-122.889633995738
-153.336244085652
-182.346346069416
-209.680079443203
-235.142925932470
-258.590561129179
-279.931381130378
-299.126573284286
-316.187764552069
-331.172442269615
-344.177484779275
-355.331250187129
-364.784740955090
-372.702385743405
-379.252958845336
-384.601097615379
-388.899789210352
-392.284091683282
-394.866243402840
-396.732210175113
-397.939630189478
-398.517048751935
-398.464290167615
-397.753792542292
-396.332729760601
-394.125758948823
-391.038256051629
-386.959931397107
-381.768746434528
-375.335078192539
-367.526096435741
-358.210328076329
-347.262383227222
-334.567807394252
-320.028005556881
-303.565157876468
-285.127015760136
-264.691433856394
-242.270461643720
-217.913791376016
-191.711341273709
-163.794747965884
-134.337553882304
-103.553906338281
-71.6956369356832
-39.0476623471949
-5.92173813806409
27.3512987819103
60.4305533222183
92.9750079654445
124.653924082519
155.157191654814
184.205073546740
211.556794319069
237.017471425882
260.442977400222
281.742449321401
300.878315949132
317.863879404373
332.758651337926
345.661787492740
356.704075990189
366.039004070463
373.833451013720
380.258532646196
385.481061282895
389.655994105521
392.920134967604
395.387242039386
397.144587933998
398.250928925740
398.735771342005
398.599778600483
397.816141052219
396.332729760601
394.074869991515
390.948595145339
386.844271724008
381.640515805271
375.208347366893
367.415547684301
358.131195012276
347.230353977093
334.598884598802
320.138318506148
303.770724297613
285.443453393498
265.133624950136
242.852176808928
218.647282760306
192.606918564116
164.860354093674
135.578360195022
104.971949113094
73.2895181092580
40.8123369329533
7.84840876143859
-25.2751635933034
-58.2210659694398
-90.6515696220595
-122.238797554723
-152.674951882843
-181.681956784976
-209.019974449103
-234.494297515816
-257.960209883468
-279.325532602438
-298.550722709559
-315.646556558006
-330.669589956522
-343.715729838219
-354.912362950841
-364.409556759981
-372.370871928939
-378.964305287751
-384.353822962307
-388.691854946591
-392.113016737671
-394.729213070075
-396.626174511308
-397.861388577100
-398.463318863111
-398.431760959261
-397.739162104262
-396.332729760601
-394.137168061738
-391.057905140481
-386.984703360621
-381.795573593949
-375.360939901276
-367.548019298448
-358.225390790906
-347.267727636174
-334.560656865936
-320.005691319947
-303.525153407454
-285.066978778434
-264.609254919957
-242.164317774594
-217.782202596900
-191.553227432739
-163.609482802393
-134.125012982922
-103.314505495012
-71.4303574873685
-38.7580603975814
-5.60993511595726
27.6826459227858
60.7783029031806
93.3356047834969
125.023489083253
155.531626834127
184.580177658036
211.928384036514
237.381502048279
260.795657049239
282.080340927196
301.198422110011
318.163706389721
333.036249965351
345.915770210592
356.933611080658
366.243789308969
374.013670253809
380.414799562075
385.614354856267
389.767590400159
393.011539344535
395.460125309027
397.200729115216
398.292166384584
398.763963202935
398.616772530501
397.823752860850
396.332729760601
394.068975730792
390.938468938476
386.831521360730
381.626696866854
375.194965713509
367.404060862669
358.123011554851
347.226829807008
334.601316010461
320.147931453545
303.788659989142
285.470750459824
265.171198718450
242.900796476132
218.707547501647
192.679233829625
164.944909517564
135.675110654376
105.080600503657
73.4095193400395
40.9428794651018
7.98843472396447
-25.1269440835976
-58.0661481589161
-90.4916185880128
-122.075604835983
-152.510385898368
-181.517909170796
-208.858304821950
-234.336779378412
-257.808480390950
-279.181048701703
-298.414725755106
-315.520046933505
-330.553312544067
-343.610170442921
-354.817755077141
-364.325897513344
-372.297945335261
-378.901711016778
-384.301008323260
-388.648148084835
-392.077659173976
-394.701390049260
-396.605042019429
-397.846096300641
-398.453028760297
-398.425661462171
-397.736478251016
-396.332729760601
-394.139166923666
-391.061266049622
-386.988837490377
-381.799938989510
-375.365039994611
-367.551401515058
-358.227645599846
-347.268488283291
-334.559599920926
-320.002538064551
-303.519671996463
-285.058987019324
-264.598623441624
-242.150973293225
-217.766130939017
-191.534475945183
-163.588161769049
-134.101295682053
-103.288626570773
-71.4026093769598
-38.7287876497801
-5.57952655608705
27.7137670894376
60.8096908093553
93.3668040529786
125.054048899021
155.561115295919
184.608195736189
211.954578411071
237.405576158035
260.817379766065
282.099552409636
301.215036566438
318.177711678589
333.047704160363
345.924795442481
356.940385118628
366.248535450172
374.016646142440
380.416285559053
385.614642532163
389.766971636945
393.010296419794
395.458522212831
397.199004228906
398.290526542851
398.762579074306
398.615775190834
397.823231400907
396.332729760601
394.069498448199
390.939471085251
386.832915387290
381.628351716652
375.196708059386
367.405676879643
358.124249319893
347.227402441979
334.600905696639
320.146194444062
303.785232726873
285.465256873084
265.163258714446
242.890035584479
218.693607538826
192.661784364515
164.923659822759
135.649821735408
105.051096715700
73.3756990392558
40.9047241073164
7.94601582633868
-25.1734606568761
-58.1165010337543
-90.5454531507204
-122.132479070682
-152.569779721756
-181.579236976907
-208.920930738717
-234.400034551905
-257.871681472632
-279.243516633073
-298.475803933571
-315.579117904850
-330.609812495674
-343.663600954480
-354.867691804032
-364.371995709283
-372.339942343459
-378.939426051685
-384.334340013163
-388.677070338980
-392.102215974387
-394.721689749831
-396.621251671952
-397.858436430175
-398.461768893735
-398.431116586060
-397.739006248471
-396.332729760601
-394.137078394942
-391.057568388774
-386.984049791189
-381.794619637653
-375.359785708351
-367.546845447694
-358.224454132836
-347.267356170802
-334.561243497204
-320.007686296335
-303.529055254154
-285.073323553153
-264.618603681523
-242.177242240703
-217.799269080934
-191.574979285069
-163.636421731095
-134.157579782921
-103.353060860466
-71.4751637063319
-38.8092648151129
-5.66755628860470
27.6187284852183
60.7083546094392
93.2600368177405
124.942853855633
155.446607926521
184.491574491870
211.837091823262
237.288487892799
260.701933332695
281.986937271760
301.106357303399
318.073961614125
332.949744535139
345.833340790984
356.855995059679
366.171612658700
373.947439878242
380.354899819826
385.561047693948
389.721018354181
392.971730574638
395.426999814561
397.174105346564
398.271767582127
398.749422957124
398.607639240661
397.819492960582
396.332729760601
394.072543295227
390.944833352277
386.839833858378
381.636031376800
375.204320625704
367.412362449390
358.129119666566
347.229546424215
334.599397157164
320.140102866604
303.773636787835
285.447260871472
265.138011689858
242.856752742078
218.651593399060
192.610456852721
164.862574323762
135.578693975355
104.969823216988
73.2843738411419
40.8036504733276
7.83571178079798
-25.2922638988824
-58.2428683597984
-90.6782627802783
-122.270447467780
-152.711493445525
-181.723190245962
-209.065567064561
-234.543790478503
-258.013030278715
-279.381009835848
-298.608108583570
-315.705047972150
-330.728353088080
-343.773924636724
-354.969166850525
-364.464186668201
-372.422603765815
-379.012490607327
-384.397902450560
-388.731368839731
-392.147612413272
-394.758650217729
-396.650328380483
-397.880251826473
-398.477002503236
-398.440494798588
-397.743294989616
-396.332729760601
-394.133622587975
-391.051520848117
-386.976305526989
-381.786104548766
-375.351455981780
-367.539685732602
-358.219473877007
-347.265583592456
-334.563716773497
-320.015441681025
-303.543111991453
-285.094665631850
-264.648158671621
-242.215857669465
-217.847687029409
-191.633810108300
-163.706118011553
-134.238411798510
-103.445094967195
-71.5782450800709
-38.9230059502251
-5.79133249888479
27.4857755802588
60.5673049996441
93.1121712653045
124.789624676202
155.289602305778
184.332471780573
211.677616706341
237.130361661432
260.546825662637
281.836420902734
300.961867816928
317.936764135949
332.820908677185
345.713724546723
356.746237734465
366.072136314408
373.858458253403
380.276433295220
385.492942634011
389.662969073574
392.923302246054
395.387650823757
397.143207880071
398.248625564861
398.733286805445
398.597717230709
397.814959309020
396.332729760601
394.076196038155
390.951232694775
386.848048369895
381.645104030945
375.213268987728
367.420180068503
358.134779311149
347.232005703633
334.597606957696
320.133018891328
303.760234330970
285.426552777394
265.109069246940
242.818729046535
218.603748500375
192.552183771818
164.793424831032
135.498402846657
104.878329569927
73.1818381123635
40.6904656465451
7.71250762917482
-25.4246245292403
-58.3833018293846
-90.8254856443949
-122.423005798078
-152.867799565539
-181.881565439288
-209.224288365275
-234.701139322805
-258.167340624859
-279.530713368312
-298.751774814728
-315.841417424075
-330.856362245985
-343.892721963391
-355.078119780354
-364.562880098907
-372.510831081891
-379.090238659370
-384.465332153942
-388.788793137599
-392.195473283366
-394.797496213993
-396.680793922725
-397.903039120934
-398.492866629913
-398.450232167771
-397.747735073513
-396.332729760601
-394.130064510934
-391.045310336141
-386.968371710364
-381.777400164042
-375.342957008902
-367.532389849673
-358.214397102968
-347.263754583481
-334.566168356042
-320.023199342902
-303.557179211686
-285.116006110220
-264.677675717266
-242.254371221132
-217.895908999750
-191.692318961296
-163.775333679987
-134.318572211836
-103.536235568139
-71.6801827433302
-39.0353286599481
-5.91339598232301
27.3548433335874
60.4285907747579
92.9669551139626
124.639350280142
155.135840163451
184.176876679982
211.521881382465
236.976168850831
260.395800924403
281.690088549981
300.821612093742
317.803797395652
332.696247805458
345.598176275707
356.640392871484
365.976372319739
373.772949099761
380.201165166927
385.427733800386
389.607492203639
392.877107508751
395.350188314084
397.113848193315
398.226677671292
398.718012721485
398.588343309617
397.810684262740
396.332729760601
394.079627421108
390.957232919177
386.855735937010
381.653578105122
375.221609434920
367.427448585015
358.140022242638
347.234259061160
334.595904024759
320.126400684253
303.747763024727
285.407328040277
265.082247242309
242.783543661779
218.559534158996
192.498398984058
164.729675454563
135.424463877928
104.794164185985
73.0876126504231
40.5865592600653
7.59951550613141
-25.5458952531628
-58.5118439873703
-90.9601118863538
-122.562375993451
-153.010454887550
-182.025967783611
-209.368863350753
-234.844320828103
-258.307614666837
-279.666659146934
-298.882100939580
-315.964991684643
-330.972233760091
-344.000135089360
-355.176519755118
-364.651910910960
-372.590326555364
-379.160208076015
-384.525941950873
-388.840346285411
-392.238387881586
-394.832284662316
-396.708043767485
-397.923396371469
-398.507022021032
-398.458910540555
-397.751687777657
-396.332729760601
-394.126903711275
-391.039798527176
-386.961336472462
-381.769687046252
-375.335429312698
-367.525927391583
-358.209893397114
-347.262111972512
-334.568290725161
-320.029982175550
-303.569496887310
-285.134696503279
-264.703522331213
-242.288083277027
-217.938100090942
-191.743485072847
-163.835831542865
-134.388599101198
-103.615811746847
-71.7691377784331
-39.1332927874067
-6.01979755247879
27.2407735335254
60.3078078509996
92.8405809790081
124.508647528745
155.002179758084
184.041700735086
211.386662711888
236.842369212508
260.264830026533
281.563265856210
300.700133276533
317.688706952969
332.588418905661
345.498298374002
356.548967098452
365.893714131031
373.699197241539
380.136295689197
385.371577659815
389.559754943207
392.837389572506
395.318004729573
397.088646601809
398.207853974976
398.704923916176
398.580317355921
397.807027098395
396.332729760601
394.082557764952
390.962352426882
386.862288991808
381.660794297412
375.228703546139
367.433621487869
358.144463230717
347.236150039366
334.594425894458
320.120742143589
303.737131876023
285.390964952445
265.059441759112
242.753652078695
218.521998719302
192.452767675539
164.675621534323
135.361804126341
104.722874807927
73.0078417164425
40.4986346261984
7.50394727754775
-25.6484184382808
-58.6204652862502
-91.0738232657065
-122.680041598641
-153.130840016421
-182.147772316089
-209.490758145077
-234.964985349869
-258.425773995309
-279.781118523683
-298.991776188719
-316.068934131019
-331.069648672980
-344.090393146786
-355.259161511171
-364.726644709681
-372.657020727791
-379.218878550398
-384.576736581455
-388.883527258285
-392.274313496171
-394.861391633570
-396.730830973496
-397.940410712421
-398.518846786265
-398.466156424001
-397.754986455624
-396.332729760601
-394.124268161021
-391.035204278717
-386.955474043928
-381.763260807211
-375.329157352420
-367.520540547029
-358.206132974697
-347.260725771689
-334.570027061080
-320.035581701709
-303.579682137276
-285.150159202527
-264.724908674771
-242.315977522449
-217.973006974422
-191.785811710791
-163.885869621948
-134.446508274550
-103.681605228426
-71.8426711489674
-39.2142569802722
-6.10771686928543
27.1465377246593
60.2080473509247
92.7362248750198
124.400740513795
154.891855356856
183.930150506233
211.275102805174
236.732005880044
260.156825793681
281.458708033311
300.600006335780
317.593870016910
332.499589221381
345.416041215201
356.473692089682
365.825677566032
373.638509609897
380.082933360161
385.325397516333
389.520510715529
392.804748680784
395.291564589639
397.067949553738
398.192400232995
398.694182186024
398.573733000316
397.804027937286
396.332729760601
394.084958997821
390.966545760708
386.867654024237
381.666699053401
375.234504448940
367.438664076734
358.148084046000
347.237680028475
334.593195611415
320.116088921961
303.728409049168
285.377553077379
265.040761671343
242.729179468500
218.491279778861
192.415435228871
164.631410936178
135.310568113866
104.664596421464
72.9426443861588
40.4267885592407
7.42587138494670
-25.7321596630655
-58.7091702862411
-91.1666673930099
-122.776096266152
-153.229096412143
-182.247168738036
-209.590209738376
-235.063414828332
-258.522141832369
-279.874451115040
-299.081190625165
-316.153658463072
-331.149036877867
-344.163934390249
-355.326483694817
-364.787512670607
-372.711329777673
-379.266644279716
-384.618081996844
-388.918668363052
-392.303544374245
-394.885069970843
-396.749364770022
-397.954246727276
-398.528461037028
-398.472046853469
-397.757667694010
-396.332729760601
-394.122126369733
-391.031470934095
-386.950710141130
-381.758038267238
-375.324058936663
-367.516159092321
-358.203069570211
-347.259586559573
-334.571418415196
-320.040103623347
-303.587919802385
-285.162672702351
-264.742221108667
-242.338561726638
-218.001271298197
-191.820085377019
-163.926388322373
-134.493400742983
-103.734881595211
-71.9022138968628
-39.2798152855553
-6.17890501540498
27.0702373327317
60.1272762620994
92.6517357159321
124.313379420969
154.802540288611
183.839846300744
211.184794101161
236.642669195046
260.069402140535
281.374077435609
300.518965475757
317.517114024315
332.427698309966
345.349472524193
356.412776724629
365.770622491872
373.589403759398
380.039757106394
385.288034531709
389.488761204815
392.778343024234
395.270176549732
397.051208365294
398.179901090087
398.685494839380
398.568408368894
397.801602804377
396.332729760601
394.086900201321
390.969935233282
386.871989771295
381.671469773981
375.239189510179
367.442734092111
358.151002397795
347.238905620270
334.592187071335
320.112310401898
303.721337679782
285.366688043292
265.025634766902
242.709366883403
218.466414749319
192.385221078330
164.595633928386
135.269109457936
104.617442714518
72.8898957628299
40.3686638486685
7.36270965994922
-25.7999016195872
-58.7809248799671
-91.2417675265099
-122.853790834657
-153.308569487382
-182.327561678079
-209.670645237592
-235.143021760901
-258.600079663734
-279.949932670531
-299.153502114741
-316.222175858496
-331.213238004259
-344.223406403367
-355.380925937112
-364.836735203535
-372.755248146425
-379.305271259644
-384.651517185394
-388.947086515242
-392.327183338944
-394.904218983131
-396.764353708592
-397.965436774786
-398.536237003365
-398.476811252686
-397.759836516564
-396.332729760601
-394.120393595264
-391.028450166986
-386.946854878409
-381.753810865985
-375.319930553172
-367.512609071360
-358.200583978171
-347.258655603979
-334.572532551880
-320.043748220590
-303.594568308985
-285.172778352991
-264.756207294809
-242.356811261911
-218.024114910908
-191.847789863491
-163.959144887157
-134.531314126708
-103.777960639989
-71.9503642126528
-39.3328346520958
-6.23648207600397
27.0085206572464
60.0619383880641
92.5833850053630
124.242699993022
154.730274494769
183.766774563474
211.111713018086
236.570368955487
259.998644370744
281.305574573605
300.453362673841
317.454974396038
332.369492094214
345.295570456894
356.363447614895
365.726034723289
373.549630202435
380.004782754416
385.257766070513
389.463037697092
392.756946929261
395.252844393416
397.037640509928
398.169770209655
398.678452868320
398.564091845847
397.799636667448
396.332729760601
394.088474181776
390.972683580996
386.875505371343
381.675337811711
375.242987453947
367.446032167421
358.153364829083
347.239892872415
334.591359270233
320.109232052297
303.715583729232
285.357851263701
265.013334340524
242.693257990073
218.446198858993
192.360656562540
164.566546521485
135.235402031540
104.579103784198
72.8470061328379
40.3214008256247
7.31134833471280
-25.8549904090040
-58.8392801346112
-91.3028472594219
-122.916984650612
-153.373214164700
-182.392959133535
-209.736082073723
-235.207789463682
-258.663494454510
-280.011354027242
-299.212349067113
-316.277940321339
-331.265494629490
-344.271818682246
-355.425248546245
-364.876812835334
-372.791011275539
-379.336729453795
-384.678750662651
-388.970236677524
-392.346442978894
-394.919822778461
-396.776569499412
-397.974557980215
-398.542576389168
-398.480696124027
-397.761605288626
-396.332729760601
-394.118979874685
-391.025985052596
-386.943707962645
-381.750359128658
-375.316558313672
-367.509707490779
-358.198549861440
-347.257889291803
-334.573434739931
-320.046715599000
-303.599987978217
-285.181021042934
-264.767619491091
-242.371706426008
-218.042764065084
-191.870411894641
-163.985896998832
-134.562282930352
-103.813154416391
-71.9897068864572
-39.3761619984525
-6.28354061546241
26.9580717245023
60.0085220013372
92.5274977858730
124.184900678429
154.671169640777
183.707002082602
211.051924291839
236.511210374574
259.940739215834
281.249506136539
300.399659436409
317.404097935119
332.321828183505
345.251423604548
356.323039036855
365.689503525845
373.517037355809
379.976117296571
385.232952896429
389.441946264684
392.739400244678
395.238627715431
397.026509322702
398.161457140848
398.672673362005
398.560548525289
397.798022433364
396.332729760601