5.10337792016642	-3.40339990289330
5.10337893547274	-3.40338465328815
5.10337995578346	-3.40336932851835
5.10338098112326	-3.40335392821343
5.10338199188635	-3.40333366713006
5.10338298518848	-3.40330418558046
5.10338399131669	-3.40326630354223
5.10338503464814	-3.40322078386742
5.10338613447053	-3.40316834067782
5.10338730566385	-3.40310964713001
5.10338855928254	-3.40304534272776
5.10338990305832	-3.40297604022374
5.10339134183566	-3.40290233212194
5.10339287794830	-3.40282479669800
5.10339451154335	-3.40274400341810
5.10339624085897	-3.40266051762228
5.10339806245972	-3.40257490434051
5.10339997144094	-3.40248773112449
5.10340196160370	-3.40239956977609
5.10340402560227	-3.40231099692474
5.10340615507528	-3.40222259345259
5.10340834076313	-3.40213494273442
5.10341057261620	-3.40204862769929
5.10341283989816	-3.40196422679973
5.10341513128811	-3.40188230902672
5.10341743498476	-3.40180342814096
5.10341973881509	-3.40172811633225
5.10342203034911	-3.40165687755479
5.10342429702187	-3.40159018081297
5.10342652626260	-3.40152845368858
5.10342870563042	-3.40147207640219
5.10343082295514	-3.40142137668854
5.10343286648082	-3.40137662573589
5.10343482500927	-3.40133803539485
5.10343668804026	-3.40130575680297
5.10343844590459	-3.40127988050278
5.10344008988650	-3.40126043805536
5.10344161233167	-3.40124740507580
5.10344300673755	-3.40124070554540
5.10344426782346	-3.40124021719335
5.10344539157817	-3.40124577769353
5.10344637528412	-3.40125719139086
5.10344721751779	-3.40127423626019
5.10344791812707	-3.40129667080744
5.10344847818704	-3.40132424064613
5.10344889993660	-3.40135668451993
5.10344918669875	-3.40139373958922
5.10344934278800	-3.40143514585218
5.10344937340838	-3.40148064962504
5.10344928454587	-3.40153000605722
5.10344908285857	-3.40158298070274
5.10344877556803	-3.40163935020674
5.10344837035456	-3.40169890219522
5.10344787525882	-3.40176143447529
5.10344729859171	-3.40182675366523
5.10344664885385	-3.40189467337691
5.10344593466544	-3.40196501207214
5.10344516470707	-3.40203759070750
5.10344434767125	-3.40211223027420
5.10344349222452	-3.40218874932851
5.10344260697927	-3.40226696159805
5.10344170047459	-3.40234667373865
5.10344078116505	-3.40242768330701
5.10343985741619	-3.40250977700573
5.10343893750568	-3.40259272924971
5.10343802962867	-3.40267630109570
5.10343714190632	-3.40276023957011
5.10343628239596	-3.40284427742330
5.10343545910192	-3.40292813333124
5.10343467998568	-3.40301151255685
5.10343395297428	-3.40309410807416
5.10343328596591	-3.40317560214746
5.10343268683175	-3.40325566834537
5.10343216341326	-3.40333397395688
5.10343172351413	-3.40341018276229
5.10343137488642	-3.40348395809817
5.10343112521058	-3.40355496614191
5.10343098206907	-3.40362287933001
5.10343095291382	-3.40368737981439
5.10343104502771	-3.40374816285516
5.10343126548083	-3.40380494004616
5.10343162108205	-3.40385744227233
5.10343211832723	-3.40390542230562
5.10343276334516	-3.40394865695895
5.10343356184254	-3.40398694873509
5.10343451904973	-3.40402012692903
5.10343563966861	-3.40404804816620
5.10343692782409	-3.40407059638529
5.10343838702087	-3.40408768229979
5.10344002010641	-3.40409924239689
5.10344182924148	-3.40410523755363
5.10344381587872	-3.40410565136709
5.10344598074990	-3.40410048830719
5.10344832386180	-3.40408977180664
5.10345084450061	-3.40407354240255
5.10345354124411	-3.40405185603868
5.10345641198094	-3.40402478262669
5.10345945393571	-3.40399240494971
5.10346266369872	-3.40395481797413
5.10346603725877	-3.40391212861498
5.10346957003775	-3.40386445597987
5.10347325692524	-3.40381193209482
5.10347709231198	-3.40375470309535
5.10348107012076	-3.40369293084593
5.10348518383359	-3.40362679493340
5.10348942651433	-3.40355649496248
5.10349379082609	-3.40348225306646
5.10349826904291	-3.40340431653184
5.10350285305560	-3.40332296042319
5.10350753437207	-3.40323849008308
5.10351230411225	-3.40315124337269
5.10351715299875	-3.40306159251136
5.10352207134388	-3.40296994536906
5.10352704903469	-3.40287674606528
5.10353207551730	-3.40278247473211
5.10353713978259	-3.40268764630983
5.10354223035508	-3.40259280826046
5.10354733528729	-3.40249853711048
5.10355244216186	-3.40240543376815
5.10355753810379	-3.40231411760342
5.10356260980504	-3.40222521933040
5.10356764356360	-3.40213937278954
5.10357262533888	-3.40205720579024
5.10357754082482	-3.40197933023764
5.10358237554147	-3.40190633182918
5.10358711494521	-3.40183875965941
5.10359174455696	-3.40177711611280
5.10359625010670	-3.40172184744731
5.10360061769182	-3.40167333547309
5.10360483394573	-3.40163189070760
5.10360888621250	-3.40159774733963
5.10361276272238	-3.40157106026108
5.10361645276252	-3.40155190433113
5.10361994683721	-3.40154027592741
5.10362323681170	-3.40153609672134
5.10362631603424	-3.40153921949895
5.10362917943154	-3.40154943574230
5.10363182357415	-3.40156648459998
5.10363424670900	-3.40159006281375
5.10363644875836	-3.40161983513668
5.10363843128532	-3.40165544477804
5.10364019742781	-3.40169652343957
5.10364175180416	-3.40174270056258
5.10364310039441	-3.40179361147921
5.10364425040224	-3.40184890424688
5.10364521010309	-3.40190824503440
5.10364598868388	-3.40197132201410
5.10364659607991	-3.40203784779167
5.10364704281387	-3.40210756046837
5.10364733984144	-3.40218022347847
5.10364749840714	-3.40225562437579
5.10364752991333	-3.40233357275964
5.10364744580428	-3.40241389753289
5.10364725746667	-3.40249644367764
5.10364697614686	-3.40258106871828
5.10364661288502	-3.40266763902216
5.10364617846516	-3.40275602606626
5.10364568338034	-3.40284610277655
5.10364513781154	-3.40293774002667
5.10364455161864	-3.40303080336521
5.10364393434203	-3.40312515002687
5.10364329521304	-3.40322062627131
5.10364264317165	-3.40331706508618
5.10364198688965	-3.40341428428432
5.10364133479797	-3.40351208502208
5.10364069511648	-3.40361025076227
5.10364007588495	-3.40370854670305
5.10363948499380	-3.40380671969069
5.10363893021346	-3.40390449863032
5.10363841922105	-3.40400159540278
5.10363795962350	-3.40409770628796
5.10363755897580	-3.40419251388537
5.10363722479378	-3.40428568951039
5.10363696456046	-3.40437689603117
5.10363678572535	-3.40446579109583
5.10363669569618	-3.40455203068391
5.10363670182288	-3.40463527290079
5.10363681137361	-3.40471518191943
5.10363703150296	-3.40479143196245
5.10363736921292	-3.40486371120946
5.10363783130709	-3.40493172551115
5.10363842433932	-3.40499520179368
5.10363915455771	-3.40505389104481
5.10364002784569	-3.40510757078683
5.10364104966163	-3.40515604696112
5.10364222497880	-3.40519915517286
5.10364355822745	-3.40523676127271
5.10364505324081	-3.40526876128143
5.10364671320677	-3.40529508069375
5.10364854062657	-3.40531567322568
5.10365053728196	-3.40533051909460
5.10365270421156	-3.40533962294072
5.10365504169715	-3.40534301151282
5.10365754925989	-3.40534073124782
5.10366022566647	-3.40533284587373
5.10366306894437	-3.40531943415949
5.10366607640542	-3.40530058792255
5.10366924467644	-3.40527641038847
5.10367256973542	-3.40524701497652
5.10367604695180	-3.40521252456292
5.10367967112899	-3.40517307125061
5.10368343654766	-3.40512879665126
5.10368733700811	-3.40507985266430
5.10369136587029	-3.40502640271739
5.10369551609026	-3.40496862341539
5.10369978025196	-3.40490670652888
5.10370415059360	-3.40484086123997
5.10370861902807	-3.40477131655105
5.10371317715724	-3.40469832375233
5.10371781628010	-3.40462215883516
5.10372252739513	-3.40454312473164
5.10372730119751	-3.40446155325538
5.10373212807201	-3.40437780661579
5.10373699808273	-3.40429227837793
5.10374190096102	-3.40420539374322
5.10374682609313	-3.40411760903438
5.10375176250949	-3.40402941028082
5.10375669887730	-3.40394131082010
5.10376162349866	-3.40385384785689
5.10376652431620	-3.40376757795410
5.10377138892821	-3.40368307147026
5.10377620461528	-3.40360090600354
5.10378095838010	-3.40352165895236
5.10378563700174	-3.40344589935563
5.10379022710558	-3.40337417922647
5.10379471524906	-3.40330702464115
5.10379908802317	-3.40324492688315
5.10380333216870	-3.40318833396919
5.10380743470560	-3.40313764289435
5.10381138307270	-3.40309319292536
5.10381516527494	-3.40305526024248
5.10381877003366	-3.40302405418157
5.10382218693602	-3.40299971526026
5.10382540657837	-3.40298231508975
5.10382842069881	-3.40297185818171
5.10383122229433	-3.40296828556402
5.10383380571798	-3.40297148002808
5.10383616675265	-3.40298127274929
5.10383830265863	-3.40299745095931
5.10384021219332	-3.40301976630628
5.10384189560259	-3.40304794352192
5.10384335458447	-3.40308168902079
5.10384459222706	-3.40312069908657
5.10384561292339	-3.40316466734807
5.10384642226687	-3.40321329130935
5.10384702693164	-3.40326627776746
5.10384743454221	-3.40332334702205
5.10384765353701	-3.40338423584890
5.10384769303037	-3.40344869926813
5.10384756267695	-3.40351651118757
5.10384727254214	-3.40358746403725
5.10384683298146	-3.40366136753597
5.10384625453126	-3.40373804674269
5.10384554781225	-3.40381733954856
5.10384472344693	-3.40389909376010
5.10384379199126	-3.40398316391346
5.10384276388047	-3.40406940794589
5.10384164938851	-3.40415768383534
5.10384045860025	-3.40424784630378
5.10383920139528	-3.40433974366661
5.10383788744213	-3.40443321489810
5.10383652620136	-3.40452808697353
5.10383512693622	-3.40462417254108
5.10383369872928	-3.40472126797084
5.10383225050357	-3.40481915182389
5.10383079104681	-3.40491758378058
5.10382932903720	-3.40501630406339
5.10382787306951	-3.40511503338486
5.10382643167996	-3.40521347344518
5.10382501336872	-3.40531130799603
5.10382362661874	-3.40540820447658
5.10382227990974	-3.40550381621506
5.10382098172630	-3.40559778517382
5.10381974055919	-3.40568974519836
5.10381856489897	-3.40577932571204
5.10381746322151	-3.40586615577871
5.10381644396478	-3.40594986843644
5.10381551549702	-3.40603010518833
5.10381468607633	-3.40610652052247
5.10381396380215	-3.40617878632340
5.10381335655952	-3.40624659603380
5.10381287195717	-3.40630966842794
5.10381251726086	-3.40636775086854
5.10381229932382	-3.40642062193594
5.10381222451599	-3.40646809334285
5.10381229865426	-3.40651001107732
5.10381252693590	-3.40654625575077
5.10381291387709	-3.40657674216363
5.10381346325870	-3.40660141813694
5.10381417808086	-3.40662026269144
5.10381506052799	-3.40663328368437
5.10381611194499	-3.40664051503638
5.10381733282546	-3.40664201369539
5.10381872281193	-3.40663785649078
5.10382028070774	-3.40662813702864
5.10382200449980	-3.40661296276965
5.10382389139115	-3.40659245241446
5.10382593784161	-3.40656673370016
5.10382813961501	-3.40653594168687
5.10383049183092	-3.40650021758711
5.10383298901908	-3.40645970816430
5.10383562517455	-3.40641456570152
5.10383839381177	-3.40636494851899
5.10384128801592	-3.40631102199847
5.10384430049020	-3.40625296005574
5.10384742359780	-3.40619094698832
5.10385064939788	-3.40612517961425
5.10385396967469	-3.40605586960879
5.10385737596001	-3.40598324593891
5.10386085954842	-3.40590755728994
5.10386441150623	-3.40582907437510
5.10386802267418	-3.40574809201536
5.10387168366504	-3.40566493087678
5.10387538485705	-3.40557993875241
5.10387911638433	-3.40549349127962
5.10388286812596	-3.40540599198953
5.10388662969503	-3.40531787159573
5.10389039042958	-3.40522958644377
5.10389413938718	-3.40514161606288
5.10389786534490	-3.40505445978707
5.10390155680673	-3.40496863244311
5.10390520201997	-3.40488465913973
5.10390878900234	-3.40480306923216
5.10391230558114	-3.40472438957928
5.10391573944547	-3.40464913725393
5.10391907821219	-3.40457781190805
5.10392230950560	-3.40451088803009
5.10392542105054	-3.40444880735959
5.10392840077759	-3.40439197173919
5.10393123693879	-3.40434073668634
5.10393391823135	-3.40429540595209
5.10393643392627	-3.40425622730331
5.10393877399858	-3.40422338971757
5.10394092925487	-3.40419702211855
5.10394289145455	-3.40417719370868
5.10394465342021	-3.40416391587792
5.10394620913359	-3.40415714559057
5.10394755381361	-3.40415679007917
5.10394868397353	-3.40416271261345
5.10394959745547	-3.40417473906559
5.10395029344106	-3.40419266496504
5.10395077243818	-3.40421626272745
5.10395103624459	-3.40424528875317
5.10395108789038	-3.40427949011869
5.10395093156159	-3.40431861062618
5.10395057250832	-3.40436239602789
5.10395001694085	-3.40441059829865
5.10394927191763	-3.40446297888648
5.10394834522887	-3.40451931092488
5.10394724527952	-3.40457938043690
5.10394598097488	-3.40464298659975
5.10394456161176	-3.40470994116670
5.10394299677768	-3.40478006716269
5.10394129625983	-3.40485319698008
5.10393946996523	-3.40492917000383
5.10393752785274	-3.40500782989297
5.10393547987735	-3.40508902163804
5.10393333594657	-3.40517258850527
5.10393110588840	-3.40525836896814
5.10392879943028	-3.40534619371706
5.10392642618785	-3.40543588282869
5.10392399566253	-3.40552724316889
5.10392151724659	-3.40562006609652
5.10391900023435	-3.40571412553031
5.10391645383814	-3.40580917643604
5.10391388720755	-3.40590495378714
5.10391130945063	-3.40600117204645
5.10390872965538	-3.40609752521105
5.10390615691039	-3.40619368745385
5.10390360032295	-3.40628931438524
5.10390106903347	-3.40638404494513
5.10389857222478	-3.40647750391980
5.10389611912532	-3.40656930505917
5.10389371900484	-3.40665905474934
5.10389138116208	-3.40674635617249
5.10388911490348	-3.40683081386358
5.10388692951262	-3.40691203855076
5.10388483421024	-3.40698965214667
5.10388283810502	-3.40706329274210
5.10388095013578	-3.40713261944289
5.10387917900587	-3.40719731688773
5.10387753311128	-3.40725709928900
5.10387602046397	-3.40731171385210
5.10387464861249	-3.40736094344996
5.10387342456205	-3.40740460845915
5.10387235469646	-3.40744256769949
5.10387144470431	-3.40747471845895
5.10387069951179	-3.40750099562766
5.10387012322434	-3.40752137000597
5.10386971907894	-3.40753584588848
5.10386948940875	-3.40754445805796
5.10386943562088	-3.40754726834612
5.10386955818808	-3.40754436193240
5.10386985665415	-3.40753584355625
5.10387032965267	-3.40752183381288
5.10387097493789	-3.40750246568865
5.10387178942646	-3.40747788147109
5.10387276924806	-3.40744823014235
5.10387390980304	-3.40741366533570
5.10387520582470	-3.40737434390444
5.10387665144424	-3.40733042512314
5.10387824025608	-3.40728207051396
5.10387996538154	-3.40722944426706
5.10388181952930	-3.40717271420384
5.10388379505094	-3.40711205321565
5.10388588399048	-3.40704764109842
5.10388807812700	-3.40697966669424
5.10389036900985	-3.40690833024482
5.10389274798612	-3.40683384585724
5.10389520622055	-3.40675644397981
5.10389773470804	-3.40667637378441
5.10390032427963	-3.40659390535097
5.10390296560246	-3.40650933155046
5.10390564917498	-3.40642296952434
5.10390836531857	-3.40633516166201
5.10391110416678	-3.40624627598328
5.10391385565400	-3.40615670584157
5.10391660950489	-3.40606686887569
5.10391935522642	-3.40597720515443
5.10392208210417	-3.40588817447900
5.10392477920468	-3.40580025283429
5.10392743538540	-3.40571392800996
5.10393003931384	-3.40562969444646
5.10393257949720	-3.40554804739811
5.10393504432353	-3.40546947654263
5.10393742211519	-3.40539445920361
5.10393970119469	-3.40532345338503
5.10394186996291	-3.40525689084344
5.10394391698879	-3.40519517044099
5.10394583110906	-3.40513865202843
5.10394760153635	-3.40508765109969
5.10394921797283	-3.40504243443859
5.10395067072673	-3.40500321694197
5.10395195082823	-3.40497015975582
5.10395305014122	-3.40494336980189
5.10395396146726	-3.40492290070725
5.10395467863824	-3.40490875508157
5.10395519659451	-3.40490088802203
5.10395551144572	-3.40489921166760
5.10395562051239	-3.40490360057811
5.10395552234666	-3.40491389768117
5.10395521673195	-3.40492992051430
5.10395470466173	-3.40495146749043
5.10395398829854	-3.40497832393137
5.10395307091534	-3.40501026764405
5.10395195682152	-3.40504707385392
5.10395065127657	-3.40508851935671
5.10394916039483	-3.40513438579832
5.10394749104444	-3.40518446204074
5.10394565074399	-3.40523854561538
5.10394364755987	-3.40529644330289
5.10394149000720	-3.40535797090857
5.10393918695665	-3.40542295232448
5.10393674754909	-3.40549121798375
5.10393418111957	-3.40556260282026
5.10393149713164	-3.40563694384893
5.10392870512233	-3.40571407747970
5.10392581465828	-3.40579383667348
5.10392283530239	-3.40587604804187
5.10391977659085	-3.40596052898559
5.10391664801943	-3.40604708495998
5.10391345903832	-3.40613550694958
5.10391021905425	-3.40622556922879
5.10390693743866	-3.40631702748069
5.10390362354063	-3.40640961734163
5.10390028670310	-3.40650305343437
5.10389693628104	-3.40659702894689
5.10389358165991	-3.40669121580659
5.10389023227316	-3.40678526548988
5.10388689761712	-3.40687881049532
5.10388358726183	-3.40697146649248
5.10388031085667	-3.40706283514080
5.10387707812916	-3.40715250755073
5.10387389887607	-3.40724006833569
5.10387078294582	-3.40732510017792
5.10386774021131	-3.40740718880529
5.10386478053296	-3.40748592825161
5.10386191371165	-3.40756092625107
5.10385914943207	-3.40763180960068
5.10385649719683	-3.40769822931381
5.10385396625278	-3.40775986538568
5.10385156551075	-3.40781643099820
5.10384930346073	-3.40786767600781
5.10384718808477	-3.40791338958587
5.10384522676983	-3.40795340191522
5.10384342622354	-3.40798758488741
5.10384179239513	-3.40801585179064
5.10384033040453	-3.40803815602490
5.10383904448156	-3.40805448892599
5.10383793791755	-3.40806487682079
5.10383701303072	-3.40806937746864
5.10383627114655	-3.40806807606783
5.10383571259330	-3.40806108101870
5.10383533671284	-3.40804851963656
5.10383514188578	-3.40803053399905
5.10383512556986	-3.40800727709400
5.10383528434963	-3.40797890940874
5.10383561399566	-3.40794559607100
5.10383610953063	-3.40790750461879
5.10383676530024	-3.40786480344277
5.10383757504627	-3.40781766091338
5.10383853197958	-3.40776624517625
5.10383962885093	-3.40771072457481
5.10384085801785	-3.40765126863993
5.10384221150581	-3.40758804957063
5.10384368106272	-3.40752124411961
5.10384525820578	-3.40745103579001
5.10384693426015	-3.40737761724541
5.10384870038937	-3.40730119283325
5.10385054761751	-3.40722198112098
5.10385246684358	-3.40714021734475
5.10385444884875	-3.40705615567147
5.10385648429726	-3.40697007117684
5.10385856373212	-3.40688226144435
5.10386067756677	-3.40679304769422
5.10386281607405	-3.40670277535641
5.10386496937396	-3.40661181400972
5.10386712742190	-3.40652055661982
5.10386927999869	-3.40642941802329
5.10387141670441	-3.40633883262312
5.10387352695745	-3.40624925128391
5.10387560000036	-3.40616113744141
5.10387762491406	-3.40607496247182
5.10387959064167	-3.40599120039894
5.10388148602295	-3.40591032205164
5.10388329984002	-3.40583278881779
5.10388502087497	-3.40575904617143
5.10388663797888	-3.40568951717562
5.10388814015192	-3.40562459618127
5.10388951663336	-3.40556464295015
5.10389075699971	-3.40550997742660
5.10389185126898	-3.40546087536623
5.10389279000828	-3.40541756500046
5.10389356444191	-3.40538022487471
5.10389416655663	-3.40534898294722
5.10389458920067	-3.40532391697723
5.10389482617346	-3.40530505617036
5.10389487230268	-3.40529238398889
5.10389472350626	-3.40528584197986
5.10389437683710	-3.40528533442803
5.10389383050903	-3.40529073360771
5.10389308390340	-3.40530188538771
5.10389213755625	-3.40531861493997
5.10389099312700	-3.40534073231247
5.10388965335016	-3.40536803764991
5.10388812197214	-3.40540032587938
5.10388640367577	-3.40543739071773
5.10388450399547	-3.40547902790156
5.10388242922614	-3.40552503758421
5.10388018632880	-3.40557522588569
5.10387778283586	-3.40562940561770
5.10387522675891	-3.40568739623626
5.10387252650110	-3.40574902309765
5.10386969077625	-3.40581411611002
5.10386672853614	-3.40588250788298
5.10386364890702	-3.40595403148253
5.10386046113607	-3.40602851789932
5.10385717454802	-3.40610579333612
5.10385379851178	-3.40618567641625
5.10385034241692	-3.40626797541018
5.10384681565902	-3.40635248557195
5.10384322763326	-3.40643898667300
5.10383958773511	-3.40652724081576
5.10383590536701	-3.40661699060589
5.10383218994956	-3.40670795775714
5.10382845093608	-3.40679984219814
5.10382469782891	-3.40689232174409
5.10382094019599	-3.40698505238822
5.10381718768632	-3.40707766925702
5.10381345004255	-3.40716978825996
5.10380973710943	-3.40726100844672
5.10380605883660	-3.40735091506516
5.10380242527432	-3.40743908328910
5.10379884656106	-3.40752508255922
5.10379533290195	-3.40760848145234
5.10379189453723	-3.40768885296692
5.10378854170046	-3.40776578008579
5.10378528456627	-3.40783886145461
5.10378213318802	-3.40790771699661
5.10377909742619	-3.40797199327418
5.10377618686860	-3.40803136840614
5.10377341074428	-3.40808555635832
5.10377077783283	-3.40813431044379
5.10376829637184	-3.40817742589836
5.10376597396493	-3.40821474143490
5.10376381749329	-3.40824613972496
5.10376183303342	-3.40827154680535
5.10376002578388	-3.40829093045755
5.10375840000351	-3.40830429765563
5.10375695896305	-3.40831169122072
5.10375570491181	-3.40831318585364
5.10375463906041	-3.40830888374068
5.10375376157988	-3.40829890993880
5.10375307161676	-3.40828340774600
5.10375256732344	-3.40826253425059
5.10375224590223	-3.40823645623177
5.10375210366113	-3.40820534655494
5.10375213607922	-3.40816938117148
5.10375233787899	-3.40812873679674
5.10375270310324	-3.40808358930470
5.10375322519375	-3.40803411284409
5.10375389706952	-3.40798047965200
5.10375471120229	-3.40792286051610
5.10375565968745	-3.40786142581758
5.10375673430874	-3.40779634707282
5.10375792659573	-3.40772779888217
5.10375922787299	-3.40765596118859
5.10376062930070	-3.40758102174623
5.10376212190646	-3.40750317869838
5.10376369660851	-3.40742264316514
5.10376534423083	-3.40733964174269
5.10376705551071	-3.40725441881827
5.10376882109989	-3.40716723860733
5.10377063156006	-3.40707838682260
5.10377247735427	-3.40698817188851
5.10377434883534	-3.40689692561987
5.10377623623286	-3.40680500329099
5.10377812964033	-3.40671278303131
5.10378001900393	-3.40662066449710
5.10378189411461	-3.40652906678517
5.10378374460510	-3.40643842557600
5.10378555995326	-3.40634918951801
5.10378732949339	-3.40626181589307
5.10378904243652	-3.40617676563417
5.10379068790097	-3.40609449779827
5.10379225495360	-3.40601546362941
5.10379373266253	-3.40594010037620
5.10379511016083	-3.40586882505304
5.10379637672112	-3.40580202835199
5.10379752183970	-3.40574006892150
5.10379853532899	-3.40568326822574
5.10379940741609	-3.40563190618538
5.10380012884512	-3.40558621777405
5.10380069098052	-3.40554639070845
5.10380108590822	-3.40551256432258
5.10380130653163	-3.40548482966341
5.10380134665908	-3.40546323078767
5.10380120108006	-3.40544776718251
5.10380086562734	-3.40543839718000
5.10380033722321	-3.40543504219078
5.10379961390801	-3.40543759154802
5.10379869485041	-3.40544590773251
5.10379758033918	-3.40545983174251
5.10379627175721	-3.40547918837930
5.10379477153910	-3.40550379123850
5.10379308311408	-3.40553344722647
5.10379121083691	-3.40556796045804
5.10378915990914	-3.40560713543175
5.10378693629393	-3.40565077942072
5.10378454662705	-3.40569870405649
5.10378199812715	-3.40575072611901
5.10377929850774	-3.40580666757574
5.10377645589315	-3.40586635493708
5.10377347874065	-3.40592961801229
5.10377037576992	-3.40599628816223
5.10376715590130	-3.40606619615109
5.10376382820336	-3.40613916970202
5.10376040185014	-3.40621503086076
5.10375688608812	-3.40629359326898
5.10375329021256	-3.40637465944516
5.10374962355258	-3.40645801816728
5.10374589546422	-3.40654344204719
5.10374211533047	-3.40663068538301
5.10373829256715	-3.40671948237178
5.10373443663326	-3.40680954576065
5.10373055704458	-3.40690056600954
5.10372666338890	-3.40699221103181
5.10372276534156	-3.40708412657089
5.10371887267950	-3.40717593725911
5.10371499529262	-3.40726724839063
5.10371114319055	-3.40735764842202
5.10370732650365	-3.40744671219239
5.10370355547673	-3.40753400482983
5.10369984045436	-3.40761908628361
5.10369619185663	-3.40770151639217
5.10369262014479	-3.40778086036817
5.10368913577625	-3.40785669455424
5.10368574914888	-3.40792861227950
5.10368247053507	-3.40799622962922
5.10367931000628	-3.40805919092977
5.10367627734947	-3.40811717375042
5.10367338197706	-3.40816989323360
5.10367063283272	-3.40821710558593
5.10366803829533	-3.40825861059379
5.10366560608408	-3.40829425306767
5.10366334316746	-3.40832392316732
5.10366125567916	-3.40834755561121
5.10365934884365	-3.40836512782621
5.10365762691392	-3.40837665714298
5.10365609312346	-3.40838219718581
5.10365474965405	-3.40838183363945
5.10365359762033	-3.40837567959861
5.10365263707139	-3.40836387071556
5.10365186700891	-3.40834656035928
5.10365128542105	-3.40832391498550
5.10365088933027	-3.40829610989322
5.10365067485313	-3.40826332551216
5.10365063726971	-3.40822574432973
5.10365077109989	-3.40818354852844
5.10365107018404	-3.40813691836800
5.10365152776519	-3.40808603131201
5.10365213657048	-3.40803106186961
5.10365288888946	-3.40797218209804
5.10365377664737	-3.40790956269337
5.10365479147194	-3.40784337458293
5.10365592475239	-3.40777379092466
5.10365716768993	-3.40770098941377
5.10365851133928	-3.40762515479531
5.10365994664115	-3.40754648148190
5.10366146444585	-3.40746517617736
5.10366305552859	-3.40738146040950
5.10366471059712	-3.40729557287802
5.10366642029271	-3.40720777152653
5.10366817518543	-3.40711833525090
5.10366996576521	-3.40702756516041
5.10367178242974	-3.40693578531325
5.10367361547097	-3.40684334285501
5.10367545506145	-3.40675060749842
5.10367729124227	-3.40665797029511
5.10367911391416	-3.40656584166622
5.10368091283320	-3.40647464867873
5.10368267761279	-3.40638483157780
5.10368439773321	-3.40629683961272
5.10368606256003	-3.40621112622337
5.10368766137238	-3.40612814368554
5.10368918340182	-3.40604833734380
5.10369061788223	-3.40597213958968
5.10369195411066	-3.40589996376703
5.10369318151875	-3.40583219820450
5.10369428975372	-3.40576920058422
5.10369526876756	-3.40571129285496
5.10369610891241	-3.40565875688571
5.10369680104000	-3.40561183103171
5.10369733660215	-3.40557070774995
5.10369770774976	-3.40553553235689
5.10369790742682	-3.40550640296938
5.10369792945670	-3.40548337161496
5.10369776861764	-3.40546644644208
5.10369742070498	-3.40545559490950
5.10369688257800	-3.40545074778962
5.10369615218979	-3.40545180378691
5.10369522859946	-3.40545863455079
5.10369411196634	-3.40547108985441
5.10369280352688	-3.40548900271608
5.10369130555535	-3.40551219425717
5.10368962131027	-3.40554047811779
5.10368775496862	-3.40557366428601
5.10368571155060	-3.40561156223511
5.10368349683771	-3.40565398330351
5.10368111728683	-3.40570074229040
5.10367857994324	-3.40575165827536
5.10367589235503	-3.40580655470000
5.10367306249124	-3.40586525877392
5.10367009866556	-3.40592760028501
5.10366700946729	-3.40599340990672
5.10366380370056	-3.40606251710173
5.10366049033264	-3.40613474772518
5.10365707845163	-3.40620992143044
5.10365357723374	-3.40628784897891
5.10364999591956	-3.40636832955233
5.10364634379913	-3.40645114816276
5.10364263020471	-3.40653607325191
5.10363886451059	-3.40662285456783
5.10363505613845	-3.40671122140350
5.10363121456736	-3.40680088127765
5.10362734934682	-3.40689151913293
5.10362347011142	-3.40698279712001
5.10361958659575	-3.40707435502696
5.10361570864775	-3.40716581140162
5.10361184623922	-3.40725676539939
5.10360800947171	-3.40734679936996
5.10360420857642	-3.40743548217412
5.10360045390678	-3.40752237319609
5.10359675592230	-3.40760702698797
5.10359312516289	-3.40768899845370
5.10358957221275	-3.40776784844952
5.10358610765350	-3.40784314965021
5.10358274200649	-3.40791449250654
5.10357948566467	-3.40798149110111
5.10357634881502	-3.40804378870023
5.10357334135267	-3.40810106279922
5.10357047278875	-3.40815302946935
5.10356775215398	-3.40819944683661
5.10356518790083	-3.40824011755547
5.10356278780684	-3.40827489018248
5.10356055888232	-3.40830365940409
5.10355850728523	-3.40832636512600
5.10355663824614	-3.40834299048489
5.10355495600588	-3.40835355889397
5.10355346376780	-3.40835813027744
5.10355216366633	-3.40835679668289
5.10355105675273	-3.40834967748342
5.10355014299817	-3.40833691439027
5.10354942131378	-3.40831866649357
5.10354888958664	-3.40829510553377
5.10354854472979	-3.40826641158065
5.10354838274444	-3.40823276926492
5.10354839879168	-3.40819436466988
5.10354858727110	-3.40815138295239
5.10354894190355	-3.40810400672439
5.10354945581541	-3.40805241519219
5.10355012162168	-3.40799678402026
5.10355093150590	-3.40793728586267
5.10355187729475	-3.40787409148607
5.10355295052586	-3.40780737139576
5.10355414250766	-3.40773729786781
5.10355544437056	-3.40766404728633
5.10355684710883	-3.40758780268393
5.10355834161343	-3.40750875638409
5.10355991869573	-3.40742711264681
5.10356156910285	-3.40734309022123
5.10356328352522	-3.40725692471250
5.10356505259740	-3.40716887067302
5.10356686689324	-3.40707920333195
5.10356871691655	-3.40698821988079
5.10357059308881	-3.40689624023818
5.10357248573519	-3.40680360722401
5.10357438507053	-3.40671068608203
5.10357628118676	-3.40661786330276
5.10357816404339	-3.40652554471371
5.10358002346255	-3.40643415282374
5.10358184913020	-3.40634412343125
5.10358363060475	-3.40625590153218
5.10358535733446	-3.40616993659330
5.10358701868448	-3.40608667728601
5.10358860397451	-3.40600656580680
5.10359010252718	-3.40593003193831
5.10359150372742	-3.40585748702946
5.10359279709222	-3.40578931809054
5.10359397235001	-3.40572588220916
5.10359501952808	-3.40566750149194
5.10359592904642	-3.40561445872589
5.10359669181550	-3.40556699392974
5.10359729933546	-3.40552530193223
5.10359774379380	-3.40548953107064
5.10359801815849	-3.40545978305295
5.10359811626350	-3.40543611397253
5.10359803288404	-3.40541853641028
5.10359776379866	-3.40540702250790
5.10359730583648	-3.40540150785220
5.10359665690771	-3.40540189597640
5.10359581601683	-3.40540806326253
5.10359478325801	-3.40541986402037
5.10359355979353	-3.40543713552255
5.10359214781608	-3.40545970279192
5.10359055049692	-3.40548738296339
5.10358877192192	-3.40551998907601
5.10358681701808	-3.40555733318892
5.10358469147330	-3.40559922875397
5.10358240165209	-3.40564549221614
5.10357995451003	-3.40569594384721
5.10357735750948	-3.40575040784857
5.10357461853880	-3.40580871178261
5.10357174583700	-3.40587068541073
5.10356874792541	-3.40593615902861
5.10356563354744	-3.40600496139690
5.10356241161734	-3.40607691736925
5.10355909117813	-3.40615184532038
5.10355568136895	-3.40622955447534
5.10355219140152	-3.40630984223881
5.10354863054499	-3.40639249162016
5.10354500811878	-3.40647726884662
5.10354133349206	-3.40656392125364
5.10353761608906	-3.40665217553816
5.10353386539874	-3.40674173645597
5.10353009098757	-3.40683228603966
5.10352630251396	-3.40692348340652
5.10352250974272	-3.40701496521667
5.10351872255812	-3.40710634682971
5.10351495097392	-3.40719722419260
5.10351120513876	-3.40728717647222
5.10350749533555	-3.40737576942348
5.10350383197333	-3.40746255945714
5.10350022557044	-3.40754709834329
5.10349668672804	-3.40762893845551
5.10349322609302	-3.40770763843110
5.10348985431025	-3.40778276909417
5.10348658196372	-3.40785391946438
5.10348341950740	-3.40792070265611
5.10348037718643	-3.40798276146330
5.10347746495013	-3.40803977342504
5.10347469235867	-3.40809145517873
5.10347206848567	-3.40813756592986
5.10346960181927	-3.40817790990119
5.10346730016469	-3.40821233766693
5.10346517055119	-3.40824074632746
5.10346321914652	-3.40826307853401
5.10346145118158	-3.40827932042697
5.10345987088804	-3.40828949860217
5.10345848145082	-3.40829367626387
5.10345728497707	-3.40829194875685
5.10345628248257	-3.40828443869225
5.10345547389565	-3.40827129089110
5.10345485807828	-3.40825266736508
5.10345443286307	-3.40822874253851
5.10345419510457	-3.40819969888935
5.10345414074268	-3.40816572315416
5.10345426487552	-3.40812700320399
5.10345456183933	-3.40808372565922
5.10345502529227	-3.40803607427345
5.10345564829968	-3.40798422908151
5.10345642341817	-3.40792836627707
5.10345734277619	-3.40786865876100
5.10345839814937	-3.40780527728299
5.10345958102878	-3.40773839208657
5.10346088268123	-3.40766817495969
5.10346229420069	-3.40759480158911
5.10346380655043	-3.40751845411621
5.10346541059588	-3.40743932379309
5.10346709712845	-3.40735761364016
5.10346885688083	-3.40727354100951
5.10347068053446	-3.40718733996182
5.10347255872031	-3.40709926336751
5.10347448201381	-3.40700958464687
5.10347644092546	-3.40691859906764
5.10347842588831	-3.40682662452406
5.10348042724376	-3.40673400172797
5.10348243522732	-3.40664109375191
5.10348443995577	-3.40654828487618
5.10348643141733	-3.40645597870729
5.10348839946638	-3.40636459555448
5.10349033382422	-3.40627456907352
5.10349222408732	-3.40618634221356
5.10349405974412	-3.40610036253110
5.10349583020160	-3.40601707696546
5.10349752482221	-3.40593692620037
5.10349913297164	-3.40586033876392
5.10350064407741	-3.40578772504362
5.10350204769789	-3.40571947141078
5.10350333360083	-3.40565593465836
5.10350449185004	-3.40559743695582
5.10350551289842	-3.40554426151369
5.10350638768499	-3.40549664912761
5.10350710773345	-3.40545479573861
5.10350766524926	-3.40541885110333
5.10350805321230	-3.40538891861858
5.10350826546211	-3.40536505629055
5.10350829677291	-3.40534727878561
5.10350814291577	-3.40533556044845
5.10350780070590	-3.40532983912987
5.10350726803360	-3.40533002063267
5.10350654387780	-3.40533598356169
5.10350562830214	-3.40534758435542
5.10350452243405	-3.40536466228031
5.10350322842787	-3.40538704418480
5.10350174941381	-3.40541454883577
5.10350008943482	-3.40544699069319
5.10349825337399	-3.40548418301606
5.10349624687514	-3.40552594023184
5.10349407625922	-3.40557207953926
5.10349174843956	-3.40562242174909
5.10348927083810	-3.40567679139709
5.10348665130518	-3.40573501618782
5.10348389804462	-3.40579692584620
5.10348101954570	-3.40586235046641
5.10347802452325	-3.40593111845576
5.10347492186651	-3.40600305417500
5.10347172059725	-3.40607797537735
5.10346842983716	-3.40615569054749
5.10346505878428	-3.40623599623944
5.10346161669792	-3.40631867450916
5.10345811289132	-3.40640349053477
5.10345455673118	-3.40649019051388
5.10345095764273	-3.40657849992405
5.10344732511942	-3.40666812222843
5.10344366873545	-3.40675873810318
5.10343999816012	-3.40685000525678
5.10343632317209	-3.40694155890176
5.10343265367227	-3.40703301292734
5.10342899969360	-3.40712396180595
5.10342537140629	-3.40721398324694
5.10342177911682	-3.40730264158816
5.10341823325959	-3.40738949188918
5.10341474437971	-3.40747408466146
5.10341132310611	-3.40755597113974
5.10340798011413	-3.40763470896905
5.10340472607716	-3.40770986815307
5.10340157160743	-3.40778103708548
5.10339852718630	-3.40784782846803
5.10339560308490	-3.40790988490922
5.10339280927666	-3.40796688399808
5.10339015534345	-3.40801854265894
5.10338765037769	-3.40806462061583
5.10338530288299	-3.40810492282933
5.10338312067634	-3.40813930081168
5.10338111079479	-3.40816765277636
5.10337927940966	-3.40818992263249
5.10337763175112	-3.40820609788912
5.10337617204583	-3.40821620658518
5.10337490346950	-3.40822031340521
5.10337382811611	-3.40821851517503
5.10337294698460	-3.40821093595335
5.10337225998320	-3.40819772194445
5.10337176595099	-3.40817903645243
5.10337146269540	-3.40815505508164
5.10337134704408	-3.40812596136147
5.10337141490882	-3.40809194294028
5.10337166135905	-3.40805318845527
5.10337208070220	-3.40800988514565
5.10337266656802	-3.40796221723866
5.10337341199433	-3.40791036510263
5.10337430951142	-3.40785450513185
5.10337535122306	-3.40779481030340
5.10337652888201	-3.40773145132817
5.10337783395860	-3.40766459830518
5.10337925770112	-3.40759442278123
5.10338079118740	-3.40752110011362
5.10338242536699	-3.40744481203358
5.10338415109408	-3.40736574930894
5.10338595915130	-3.40728411440764
5.10338784026498	-3.40720012406630
5.10338978511265	-3.40711401167186
5.10339178432366	-3.40702602936741
5.10339382847410	-3.40693644979710
5.10339590807733	-3.40684556740904
5.10339801357129	-3.40675369924044
5.10340013530431	-3.40666118511589
5.10340226352066	-3.40656838719898
5.10340438834765	-3.40647568884928
5.10340649978561	-3.40638349275239
5.10340858770249	-3.40629221830943
5.10341064183443	-3.40620229829531
5.10341265179381	-3.40611417482112
5.10341460708586	-3.40602829466440
5.10341649713494	-3.40594510406124
5.10341831132125	-3.40586504308409
5.10342003902829	-3.40578853975704
5.10342166970119	-3.40571600408443
5.10342319291532	-3.40564782218660
5.10342459845460	-3.40558435074577
5.10342587639778	-3.40552591196569
5.10342701721121	-3.40547278923665
5.10342801184553	-3.40542522367598
5.10342885183401	-3.40538341168032
5.10342952938934	-3.40534750358382
5.10343003749620	-3.40531760346693
5.10343036999630	-3.40529377010684
5.10343052166340	-3.40527601900722
5.10343048826544	-3.40526432539384
5.10343026661196	-3.40525862801958
5.10342985458511	-3.40525883358787
5.10342925115345	-3.40526482158187
5.10342845636830	-3.40527644927721
5.10342747134301	-3.40529355672026
5.10342629821648	-3.40531597146911
5.10342494010243	-3.40534351292034
5.10342340102662	-3.40537599607712
5.10342168585460	-3.40541323465177
5.10341980021258	-3.40545504343444
5.10341775040422	-3.40550123989752
5.10341554332604	-3.40555164503974
5.10341318638400	-3.40560608350386
5.10341068741342	-3.40566438302605
5.10340805460427	-3.40572637329334
5.10340529643326	-3.40579188429857
5.10340242160401	-3.40586074429007
5.10339943899602	-3.40593277741735
5.10339635762279	-3.40600780117496
5.10339318659925	-3.40608562374592
5.10338993511816	-3.40616604134329
5.10338661243505	-3.40624883564627
5.10338322786081	-3.40633377142353
5.10337979076118	-3.40642059443351
5.10337631056182	-3.40650902968804
5.10337279675784	-3.40659878016123
5.10336925892641	-3.40668952602071
5.10336570674089	-3.40678092445133
5.10336214998515	-3.40687261013189
5.10335859856629	-3.40696419641381
5.10335506252439	-3.40705527723426
5.10335155203759	-3.40714542977759
5.10334807742104	-3.40723421787508
5.10334464911841	-3.40732119610719
5.10334127768454	-3.40740591454291
5.10333797375845	-3.40748792402053
5.10333474802567	-3.40756678184373
5.10333161116984	-3.40764205773833
5.10332857381326	-3.40771333989113
5.10332564644695	-3.40778024087384
5.10332283935120	-3.40784240324598
5.10332016250787	-3.40789950463072
5.10331762550633	-3.40795126206931
5.10331523744543	-3.40799743548286
5.10331300683401	-3.40803783010397
5.10331094149292	-3.40807229778443
5.10330904846167	-3.40810073713522
5.10330733391250	-3.40812309250991
5.10330580307502	-3.40813935189642
5.10330446017380	-3.40814954383409
5.10330330838101	-3.40815373351621
5.10330234978575	-3.40815201827304
5.10330158538078	-3.40814452265164
5.10330101506711	-3.40813139331805
5.10330063767564	-3.40811279400283
5.10330045100489	-3.40808890069450
5.10330045187305	-3.40805989725932
5.10330063618210	-3.40802597163206
5.10330099899152	-3.40798731268446
5.10330153459881	-3.40794410783865
5.10330223662399	-3.40789654145455
5.10330309809549	-3.40784479398541
5.10330411153473	-3.40778904186587
5.10330526903715	-3.40772945807246
5.10330656234790	-3.40766621327837
5.10330798293041	-3.40759947751165
5.10330952202691	-3.40752942221852
5.10331117070992	-3.40745622262946
5.10331291992458	-3.40738006032575
5.10331476052146	-3.40730112590487
5.10331668328041	-3.40721962164636
5.10331867892579	-3.40713576408260
5.10332073813392	-3.40704978638228
5.10332285153369	-3.40696194045811
5.10332500970145	-3.40687249871339
5.10332720315146	-3.40678175534683
5.10332942232325	-3.40669002713961
5.10333165756725	-3.40659765365584
5.10333389913045	-3.40650499679671
5.10333613714330	-3.40641243966028
5.10333836160976	-3.40632038467465
5.10334056240177	-3.40622925099094
5.10334272925983	-3.40613947114539
5.10334485180090	-3.40605148702565
5.10334691953501	-3.40596574520520
5.10334892189145	-3.40588269173948
5.10335084825540	-3.40580276654757
5.10335268801529	-3.40572639753099
5.10335443062105	-3.40565399460537
5.10335606565272	-3.40558594383831
5.10335758289851	-3.40552260189690
5.10335897244116	-3.40546429100762
5.10336022475051	-3.40541129462085
5.10336133078019	-3.40536385394956
5.10336228206586	-3.40532216551878
5.10336307082198	-3.40528637982003
5.10336369003431	-3.40525660111532
5.10336413354497	-3.40523288838238
5.10336439612739	-3.40521525733842
5.10336447354853	-3.40520368342985
5.10336436261628	-3.40519810563126
5.10336406121054	-3.40519843086318
5.10336356829709	-3.40520453881605
5.10336288392394	-3.40521628695851
5.10336200920080	-3.40523351551192
5.10336094626259	-3.40525605218862
5.10335969821884	-3.40528371651673
5.10335826909101	-3.40531632360729
5.10335666374030	-3.40535368725659
5.10335488778862	-3.40539562231535
5.10335294753544	-3.40544194629425
5.10335084987330	-3.40549248020950
5.10334860220438	-3.40554704870242
5.10334621236055	-3.40560547949078
5.10334368852858	-3.40566760222842
5.10334103918239	-3.40573324686221
5.10333827302313	-3.40580224158377
5.10333539892819	-3.40587441047694
5.10333242590934	-3.40594957096349
5.10332936308011	-3.40602753114785
5.10332621963223	-3.40610808716024
5.10332300482048	-3.40619102059382
5.10331972795537	-3.40627609612914
5.10331639840250	-3.40636305943545
5.10331302558767	-3.40645163543509
5.10330961900637	-3.40654152701335
5.10330618823637	-3.40663241425049
5.10330274295182	-3.40672395424619
5.10329929293755	-3.40681578159728
5.10329584810177	-3.40690750957713
5.10329241848576	-3.40699873204972
5.10328901426899	-3.40708902613192
5.10328564576799	-3.40717795559419
5.10328232342785	-3.40726507496359
5.10327905780487	-3.40734993426390
5.10327585953947	-3.40743208429711
5.10327273931862	-3.40751108233998
5.10326970782728	-3.40758649810113
5.10326677568901	-3.40765791975999
5.10326395339599	-3.40772495989061
5.10326125122956	-3.40778726106415
5.10325867917244	-3.40784450092407
5.10325624681476	-3.40789639653961
5.10325396325592	-3.40794270786639
5.10325183700514	-3.40798324017667
5.10324987588350	-3.40801784536546
5.10324808693052	-3.40804642208898
5.10324647631831	-3.40806891474627
5.10324504927618	-3.40808531136942
5.10324381002825	-3.40809564053905
5.10324276174612	-3.40809996748550
5.10324190651817	-3.40809838957073
5.10324124533645	-3.40809103136722
5.10324077810111	-3.40807803955965
5.10324050364220	-3.40805957789002
5.10324041975737	-3.40803582235113
5.10324052326396	-3.40800695680656
5.10324081006313	-3.40797316918193
5.10324127521359	-3.40793464833400
5.10324191301214	-3.40789158166492
5.10324271707818	-3.40784415351047
5.10324368043961	-3.40779254429670
5.10324479561738	-3.40773693042895
5.10324605470662	-3.40767748485335
5.10324744945218	-3.40761437821264
5.10324897131732	-3.40754778050533
5.10325061154417	-3.40747786314987
5.10325236120524	-3.40740480135169
5.10325421124565	-3.40732877667040
5.10325615251607	-3.40724997968602
5.10325817579643	-3.40716861266541
5.10326027181120	-3.40708489213361
5.10326243123683	-3.40699905125784
5.10326464470230	-3.40691134195552
5.10326690278406	-3.40682203664116
5.10326919599639	-3.40673142953135
5.10327151477881	-3.40663983743177
5.10327384948168	-3.40654759993764
5.10327619035182	-3.40645507898750
5.10327852751945	-3.40636265772254
5.10328085098820	-3.40627073861913
5.10328315062958	-3.40617974088096
5.10328541618356	-3.40609009710000
5.10328763726647	-3.40600224922162
5.10328980338761	-3.40591664387754
5.10329190397544	-3.40583372718042
5.10329392841424	-3.40575393910380
5.10329586609148	-3.40567770759925
5.10329770645605	-3.40560544262619
5.10329943908693	-3.40553753028825
5.10330105377128	-3.40547432727909
5.10330254059075	-3.40541615584110
5.10330389001418	-3.40536329942881
5.10330509299427	-3.40531599924685
5.10330614106582	-3.40527445179912
5.10330702644257	-3.40523880754318
5.10330774210970	-3.40520917069476
5.10330828190894	-3.40518560017377
5.10330864061352	-3.40516811162925
5.10330881399039	-3.40515668043051
5.10330879884767	-3.40515124546788
5.10330859306568	-3.40515171357224
5.10330819561085	-3.40515796434101
5.10330760653206	-3.40516985514827
5.10330682694005	-3.40518722612123
5.10330585897100	-3.40520990488014
5.10330470573579	-3.40523771086470
5.10330337125741	-3.40527045910256
5.10330186039868	-3.40530796331277
5.10330017878319	-3.40535003827594
5.10329833271213	-3.40539650144044
5.10329632907980	-3.40544717376861
5.10329417529011	-3.40550187985672
5.10329187917662	-3.40556044738670
5.10328944892773	-3.40562270598587
5.10328689301890	-3.40568848558424
5.10328422015271	-3.40575761436631
5.10328143920785	-3.40582991641878
5.10327855919725	-3.40590520917630
5.10327558923545	-3.40598330076652
5.10327253851499	-3.40606398735325
5.10326941629131	-3.40614705057384
5.10326623187534	-3.40623225516363
5.10326299463295	-3.40631934685726
5.10325971398995	-3.40640805065303
5.10325639944165	-3.40649806952231
5.10325306056539	-3.40658908364120
5.10324970703471	-3.40668075021423
5.10324634863353	-3.40677270395103
5.10324299526897	-3.40686455824444
5.10323965698100	-3.40695590708300
5.10323634394753	-3.40704632771120
5.10323306648336	-3.40713538402793
5.10322983503163	-3.40722263068697
5.10322666014654	-3.40730761783432
5.10322355246628	-3.40738989638671
5.10322052267545	-3.40746902372514
5.10321758145659	-3.40754456964902
5.10321473943079	-3.40761612241219
5.10321200708780	-3.40768329464424
5.10320939470657	-3.40774572895074
5.10320691226756	-3.40780310298683
5.10320456935880	-3.40785513380957
5.10320237507783	-3.40790158133821
5.10320033793226	-3.40794225078477
5.10319846574189	-3.40797699396126
5.10319676554531	-3.40800570941988
5.10319524351410	-3.40802834143706
5.10319390487743	-3.40804487790667
5.10319275385973	-3.40805534725879
5.10319179363333	-3.40805981456456
5.10319102628775	-3.40805837702173
5.10319045281658	-3.40805115903728
5.10319007312189	-3.40803830713250
5.10318988603597	-3.40801998489136
5.10318988935900	-3.40799636815667
5.10319007991109	-3.40796764065245
5.10319045359636	-3.40793399017703
5.10319100547660	-3.40789560547352
5.10319172985173	-3.40785267384499
5.10319262034436	-3.40780537954333
5.10319366998551	-3.40775390292609
5.10319487129919	-3.40769842034547
5.10319621638343	-3.40763910470973
5.10319769698588	-3.40757612663861
5.10319930457236	-3.40750965612226
5.10320103038735	-3.40743986458502
5.10320286550544	-3.40736692725215
5.10320480087361	-3.40729102571683
5.10320682734406	-3.40721235060614
5.10320893569800	-3.40713110424733
5.10321111666084	-3.40704750323904
5.10321336090967	-3.40696178083508
5.10321565907380	-3.40687418905222
5.10321800172967	-3.40678500041678
5.10322037939127	-3.40669450926896
5.10322278249744	-3.40660303254924
5.10322520139762	-3.40651090999765
5.10322762633733	-3.40641850370625
5.10323004744522	-3.40632619697673
5.10323245472303	-3.40623439245084
5.10323483804013	-3.40614350949995
5.10323718713406	-3.40605398088327
5.10323949161850	-3.40596624870967
5.10324174099989	-3.40588075976722
5.10324392470366	-3.40579796031416
5.10324603211094	-3.40571829045513
5.10324805260597	-3.40564217825468
5.10324997563442	-3.40557003376376
5.10325179077202	-3.40550224315294
5.10325348780285	-3.40543916315586
5.10325505680563	-3.40538111602594
5.10325648824648	-3.40532838519883
5.10325777307572	-3.40528121183010
5.10325890282610	-3.40523979234511
5.10325986970974	-3.40520427709498
5.10326066671066	-3.40517477016359
5.10326128766993	-3.40515133031673
5.10326172736064	-3.40513397303093
5.10326198155015	-3.40512267348888
5.10326204704751	-3.40511737038472
5.10326192173451	-3.40511797034826
5.10326160457952	-3.40512435277541
5.10326109563384	-3.40513637484270
5.10326039601104	-3.40515387648747
5.10325950785043	-3.40517668515116
5.10325843426636	-3.40520462010846
5.10325717928546	-3.40523749623791
5.10325574777435	-3.40527512712693
5.10325414536051	-3.40531732744289
5.10325237834901	-3.40536391453991
5.10325045363796	-3.40541470930509
5.10324837863500	-3.40546953627833
5.10324616117723	-3.40552822310355
5.10324380945641	-3.40559059938804
5.10324133195105	-3.40565649505903
5.10323873736657	-3.40572573831495
5.10323603458415	-3.40579815327262
5.10323323261890	-3.40587355741250
5.10323034058717	-3.40595175892338
5.10322736768298	-3.40603255404512
5.10322432316288	-3.40611572450576
5.10322121633853	-3.40620103514568
5.10321805657615	-3.40628823181844
5.10321485330153	-3.40637703965462
5.10321161600960	-3.40646716177062
5.10320835427693	-3.40655827849928
5.10320507777591	-3.40665004721234
5.10320179628898	-3.40674210279551
5.10319851972142	-3.40683405882462
5.10319525811103	-3.40692550947560
5.10319202163323	-3.40701603218199
5.10318882060006	-3.40710519103011
5.10318566545162	-3.40719254085599
5.10318256673888	-3.40727763197891
5.10317953509658	-3.40736001547580
5.10317658120579	-3.40743924887085
5.10317371574542	-3.40751490208564
5.10317094933294	-3.40758656347156
5.10316829245453	-3.40765384572786
5.10316575538570	-3.40771639149932
5.10316334810369	-3.40777387844793
5.10316108019357	-3.40782602360433
5.10315896075027	-3.40787258682801
5.10315699827922	-3.40791337323893
5.10315520059849	-3.40794823452669
5.10315357474550	-3.40797706909365
5.10315212689117	-3.40799982104271
5.10315086226466	-3.40801647807492
5.10314978509093	-3.40802706841303
5.10314889854346	-3.40803165691158
5.10314820471351	-3.40803034054747
5.10314770459691	-3.40802324350769
5.10314739809849	-3.40801051209894
5.10314728405372	-3.40799230970021
5.10314736026634	-3.40796881196241
5.10314762356031	-3.40794020243369
5.10314806984381	-3.40790666875459
5.10314869418285	-3.40786839953007
5.10314949088164	-3.40782558194559
5.10315045356701	-3.40777840015628
5.10315157527420	-3.40772703444370
5.10315284853126	-3.40767166110443
5.10315426544008	-3.40761245301084
5.10315581775192	-3.40754958076576
5.10315749693592	-3.40748321436059
5.10315929423958	-3.40741352523831
5.10316120074017	-3.40734068865947
5.10316320738699	-3.40726488626857
5.10316530503418	-3.40718630875948
5.10316748446449	-3.40710515854130
5.10316973640450	-3.40702165230908
5.10317205153205	-3.40693602342726
5.10317442047683	-3.40684852403697
5.10317683381525	-3.40675942680206
5.10317928206086	-3.40666902621267
5.10318175565172	-3.40657763937068
5.10318424493606	-3.40648560618767
5.10318674015784	-3.40639328893581
5.10318923144380	-3.40630107110344
5.10319170879343	-3.40620935552305
5.10319416207352	-3.40611856175806
5.10319658101875	-3.40602912275779
5.10319895523968	-3.40594148081576
5.10320127423940	-3.40585608289537
5.10320352743983	-3.40577337541687
5.10320570421846	-3.40569379862966
5.10320779395582	-3.40561778072181
5.10320978609384	-3.40554573184296
5.10321167020464	-3.40547803823437
5.10321343606874	-3.40541505666973
5.10321507376159	-3.40535710941018
5.10321657374627	-3.40530447986565
5.10321792697041	-3.40525740913272
5.10321912496453	-3.40521609354542
5.10322015993897	-3.40518068333323
5.10322102487650	-3.40515128243103
5.10322171361750	-3.40512794943197
5.10322222093498	-3.40511069962069
5.10322254259681	-3.40509950797367
5.10322267541313	-3.40509431296954
5.10322261726742	-3.40509502101853
5.10322236713027	-3.40510151129787
5.10322192505570	-3.40511364077093
5.10322129216042	-3.40513124917156
5.10322047058727	-3.40515416375093
5.10321946345442	-3.40518220360950
5.10321827479253	-3.40521518346978
5.10321690947240	-3.40525291678288
5.10321537312575	-3.40529521810044
5.10321367206189	-3.40534190468174
5.10321181318310	-3.40539279733988
5.10320980390103	-3.40544772056112
5.10320765205660	-3.40550650195554
5.10320536584515	-3.40556897111548
5.10320295374852	-3.40563495797138
5.10320042447510	-3.40570429074222
5.10319778690873	-3.40577679358191
5.10319505006679	-3.40585228402392
5.10319222306758	-3.40593057032535
5.10318931510663	-3.40601144880924
5.10318633544163	-3.40609470130117
5.10318329338500	-3.40618009275296
5.10318019830329	-3.40626736914307
5.10317705962228	-3.40635625573981
5.10317388683644	-3.40644645580935
5.10317068952154	-3.40653764984532
5.10316747734878	-3.40662949539002
5.10316426009905	-3.40672162750782
5.10316104767573	-3.40681365995925
5.10315785011437	-3.40690518710864
5.10315467758787	-3.40699578657877
5.10315154040541	-3.40708502264286
5.10314844900405	-3.40717245031799
5.10314541393143	-3.40725762009483
5.10314244581885	-3.40734008320823
5.10313955534379	-3.40741939732280
5.10313675318154	-3.40749513247931
5.10313404994593	-3.40756687712354
5.10313145611957	-3.40763424402130
5.10312898197455	-3.40769687585366
5.10312663748491	-3.40775445028692
5.10312443223278	-3.40780668432324
5.10312237531052	-3.40785333776096
5.10312047522141	-3.40789421562733
5.10311873978185	-3.40792916948976
5.10311717602809	-3.40795809760198
5.10311579013047	-3.40798094389550
5.10311458731812	-3.40799769588165
5.10311357181659	-3.40800838158000
5.10311274680050	-3.40801306563344
5.10311211436284	-3.40801184480387
5.10311167550167	-3.40800484306475
5.10311143012455	-3.40799220651532
5.10311137707010	-3.40797409833707
5.10311151414555	-3.40795069399688
5.10311183817864	-3.40792217687491
5.10311234508154	-3.40788873446189
5.10311302992435	-3.40785055523244
5.10311388701546	-3.40780782626191
5.10311490998586	-3.40776073161576
5.10311609187483	-3.40770945150615
5.10311742521435	-3.40765416218003
5.10311890211003	-3.40759503647911
5.10312051431661	-3.40753224499377
5.10312225330644	-3.40746595772023
5.10312411032990	-3.40739634612271
5.10312607646684	-3.40732358549865
5.10312814266874	-3.40724785754436
5.10313029979158	-3.40716935301985
5.10313253861958	-3.40708827441418
5.10313484988043	-3.40700483851571
5.10313722425266	-3.40691927879506
5.10313965236630	-3.40683184751199
5.10314212479770	-3.40674281746077
5.10314463206001	-3.40665248327310
5.10314716459050	-3.40656116220255
5.10314971273625	-3.40646919432137
5.10315226673976	-3.40637694206980
5.10315481672594	-3.40628478910982
5.10315735269217	-3.40619313845091
5.10315986450281	-3.40610240983417
5.10316234188985	-3.40601303638437
5.10316477446094	-3.40592546056497
5.10316715171604	-3.40584012950036
5.10316946307380	-3.40575748975915
5.10317169790832	-3.40567798172283
5.10317384559668	-3.40560203369180
5.10317589557739	-3.40553005590493
5.10317783741915	-3.40546243466686
5.10317966089928	-3.40539952678645
5.10318135609016	-3.40534165453023
5.10318291345209	-3.40528910128301
5.10318432393025	-3.40524210808580
5.10318557905309	-3.40520087118761
5.10318667102934	-3.40516554070545
5.10318759284063	-3.40513622043698
5.10318833832674	-3.40511296881687
5.10318890226060	-3.40509580095413
5.10318928041056	-3.40508469163688
5.10318946958780	-3.40507957914745
5.10318946767735	-3.40508036969645
5.10318927365183	-3.40508694226281
5.10318888756776	-3.40509915361705
5.10318831054474	-3.40511684330943
5.10318754472883	-3.40513983841990
5.10318659324167	-3.40516795789264
5.10318546011762	-3.40520101631075
5.10318415023127	-3.40523882700404
5.10318266921819	-3.40528120442173
5.10318102339155	-3.40532796573972
5.10317921965738	-3.40537893170670
5.10317726543097	-3.40543392676299
5.10317516855669	-3.40549277849049
5.10317293723313	-3.40555531647044
5.10317057994508	-3.40562137063837
5.10316810540363	-3.40569076923375
5.10316552249498	-3.40576333644566
5.10316284023858	-3.40583888985678
5.10316006775440	-3.40591723778684
5.10315721423937	-3.40599817663449
5.10315428895216	-3.40608148831341
5.10315130120585	-3.40616693787560
5.10314826036730	-3.40625427141130
5.10314517586223	-3.40634321431164
5.10314205718471	-3.40643346997591
5.10313891390978	-3.40652471904034
5.10313575570756	-3.40661661919805
5.10313259235756	-3.40670880567106
5.10312943376144	-3.40680089238261
5.10312628995279	-3.40689247386266
5.10312317110222	-3.40698312790006
5.10312008751641	-3.40707241893181
5.10311704962968	-3.40715990213338
5.10311406798678	-3.40724512814518
5.10311115321595	-3.40732764833975
5.10310831599150	-3.40740702050395
5.10310556698553	-3.40748281478203
5.10310291680866	-3.40755461970153
5.10310037594037	-3.40762204808560
5.10309795464975	-3.40768474264618
5.10309566290801	-3.40774238105250
5.10309351029473	-3.40779468028110
5.10309150590001	-3.40784140007629
5.10308965822525	-3.40788234538386
5.10308797508538	-3.40791736766428
5.10308646351563	-3.40794636504140
5.10308512968584	-3.40796928129728
5.10308397882512	-3.40798610377810
5.10308301515951	-3.40799686032675
5.10308224186465	-3.40800161540235
5.10308166103501	-3.40800046558038
5.10308127367062	-3.40799353464942
5.10308107968141	-3.40798096852931
5.10308107790872	-3.40796293023109
5.10308126616283	-3.40793959506300
5.10308164127474	-3.40791114626078
5.10308219916008	-3.40787777118657
5.10308293489253	-3.40783965820349
5.10308384278406	-3.40779699429297
5.10308491646926	-3.40774996344438
5.10308614899092	-3.40769874581135
5.10308753288441	-3.40764351759940
5.10308906025854	-3.40758445162524
5.10309072287105	-3.40752171846991
5.10309251219706	-3.40745548813511
5.10309441948941	-3.40738593210464
5.10309643583015	-3.40731322570884
5.10309855217265	-3.40723755068968
5.10310075937448	-3.40715909786496
5.10310304822108	-3.40707806979322
5.10310540944108	-3.40699468334358
5.10310783371360	-3.40690917207827
5.10311031166893	-3.40682178835909
5.10311283388339	-3.40673280509225
5.10311539086974	-3.40664251703068
5.10311797306457	-3.40655124155762
5.10312057081399	-3.40645931888244
5.10312317435919	-3.40636711158862
5.10312577382355	-3.40627500348593
5.10312835920260	-3.40618339773423
5.10313092035863	-3.40609271422548
5.10313344702134	-3.40600338623323
5.10313592879587	-3.40591585636489
5.10313835517952	-3.40583057188101
5.10314071558814	-3.40574797947556
5.10314299939294	-3.40566851964147
5.10314519596807	-3.40559262077374
5.10314729474910	-3.40552069318624
5.10314928530187	-3.40545312323659
5.10315115740094	-3.40539026776279
5.10315290111609	-3.40533244903530
5.10315450690526	-3.40527995041705
5.10315596571157	-3.40523301290148
5.10315726906170	-3.40519183266525
5.10315840916302	-3.40515655972990
5.10315937899619	-3.40512729777680
5.10316017240048	-3.40510410510655
5.10316078414876	-3.40508699667975
5.10316121000979	-3.40507594712556
5.10316144679561	-3.40507089456077
5.10316149239256	-3.40507174502791
5.10316134577500	-3.40507837733902
5.10316100700153	-3.40509064810258
5.10316047719420	-3.40510839671472
5.10315975850176	-3.40513145011186
5.10315885404881	-3.40515962710737
5.10315776787279	-3.40519274216783
5.10315650485150	-3.40523060852189
5.10315507062374	-3.40527304053353
5.10315347150590	-3.40531985530955
5.10315171440718	-3.40537087354545
5.10314980674592	-3.40542591964387
5.10314775636938	-3.40548482116402
5.10314557147885	-3.40554740767867
5.10314326056161	-3.40561350912844
5.10314083233098	-3.40568295377074
5.10313829567517	-3.40575556582481
5.10313565961529	-3.40583116291512
5.10313293327277	-3.40590955341435
5.10313012584563	-3.40599053378480
5.10312724659339	-3.40607388601412
5.10312430482967	-3.40615937523826
5.10312130992155	-3.40624674764090
5.10311827129470	-3.40633572871573
5.10311519844286	-3.40642602197303
5.10311210094042	-3.40651730816775
5.10310898845660	-3.40660924511848
5.10310587076975	-3.40670146817826
5.10310275778010	-3.40679359140541
5.10309965951957	-3.40688520946732
5.10309658615686	-3.40697590029053
5.10309354799657	-3.40706522844774
5.10309055547074	-3.40715274924554
5.10308761912169	-3.40723801344826
5.10308474957509	-3.40732057254229
5.10308195750265	-3.40739998441549
5.10307925357378	-3.40747581929758
5.10307664839646	-3.40754766578350
5.10307415244755	-3.40761513674360
5.10307177599363	-3.40767787491511
5.10306952900357	-3.40773555796949
5.10306742105482	-3.40778790286185
5.10306546123562	-3.40783466929164
5.10306365804578	-3.40787566213720
5.10306201929901	-3.40791073277046
5.10306055202972	-3.40793977920790
5.10305926240727	-3.40796274510810
5.10305815566078	-3.40797961768083
5.10305723601669	-3.40799042462319
5.10305650665146	-3.40799523024268
5.10305596966080	-3.40799413096108
5.10305562604632	-3.40798725041462
5.10305547571992	-3.40797473437539
5.10305551752517	-3.40795674571411
5.10305574927486	-3.40793345960858
5.10305616780268	-3.40790505917581
5.10305676902710	-3.40787173167240
5.10305754802473	-3.40783366536997
5.10305849911050	-3.40779104717306
5.10305961592196	-3.40774406100883
5.10306089150477	-3.40769288698321
5.10306231839708	-3.40763770126808
5.10306388871035	-3.40757867666007
5.10306559420475	-3.40751598373298
5.10306742635768	-3.40744979249351
5.10306937642400	-3.40738027444195
5.10307143548756	-3.40730760493615
5.10307359450328	-3.40723196575593
5.10307584432998	-3.40715354776694
5.10307817575415	-3.40707255358508
5.10308057950514	-3.40698920014605
5.10308304626257	-3.40690372108751
5.10308556665693	-3.40681636885515
5.10308813126448	-3.40672741644716
5.10309073059767	-3.40663715871598
5.10309335509252	-3.40654591315122
5.10309599509429	-3.40645402007465
5.10309864084316	-3.40636184218709
5.10310128246118	-3.40626976341931
5.10310390994238	-3.40617818705428
5.10310651314735	-3.40608753310733
5.10310908180388	-3.40599823497364
5.10311160551506	-3.40591073537826
5.10311407377599	-3.40582548169297
5.10311647600024	-3.40574292071406
5.10311880155662	-3.40566349302542
5.10312103981688	-3.40558762709913
5.10312318021419	-3.40551573331016
5.10312521231203	-3.40544819805921
5.10312712588269	-3.40538537820785
5.10312891099383	-3.40532759602952
5.10313055810146	-3.40527513486908
5.10313205814697	-3.40522823568092
5.10313340265562	-3.40518709458243
5.10313458383365	-3.40515186151702
5.10313559466092	-3.40512264007102
5.10313642897629	-3.40509948843549
5.10313708155257	-3.40508242144983
5.10313754815883	-3.40507141361348
5.10313782560783	-3.40506640290816
5.10313791178696	-3.40506729523932
5.10313780567198	-3.40507396928300
5.10313750732322	-3.40508628151561
5.10313701786467	-3.40510407120778
5.10313633944733	-3.40512716517908
5.10313547519815	-3.40515538213648
5.10313442915710	-3.40518853645182
5.10313320620458	-3.40522644127157
5.10313181198201	-3.40526891089052
5.10313025280843	-3.40531576235946
5.10312853559557	-3.40536681633083
5.10312666776427	-3.40542189717691
5.10312465716414	-3.40548083243865
5.10312251199864	-3.40554345168220
5.10312024075708	-3.40560958485256
5.10311785215459	-3.40567906022197
5.10311535508097	-3.40575170203440
5.10311275855873	-3.40582732794850
5.10311007171042	-3.40590574638014
5.10310730373499	-3.40598675384351
5.10310446389260	-3.40607013238650
5.10310156149731	-3.40615564721331
5.10309860591637	-3.40624304458365
5.10309560657540	-3.40633205007450
5.10309257296785	-3.40642236728632
5.10308951466759	-3.40651367707041
5.10308644134309	-3.40660563734723
5.10308336277174	-3.40669788357610
5.10308028885260	-3.40679002992494
5.10307722961622	-3.40688167117254
5.10307419522976	-3.40697238535712
5.10307119599610	-3.40706173716134
5.10306824234543	-3.40714928199813
5.10306534481807	-3.40723457073218
5.10306251403763	-3.40731715494218
5.10305976067367	-3.40739659259779
5.10305709539343	-3.40747245399798
5.10305452880270	-3.40754432779228
5.10305207137624	-3.40761182688928
5.10304973337858	-3.40767459404670
5.10304752477669	-3.40773230693775
5.10304545514627	-3.40778468250024
5.10304353357402	-3.40783148039727
5.10304176855849	-3.40787250545254
5.10304016791239	-3.40790760896633
5.10303873866941	-3.40793668886814
5.10303748699856	-3.40795968871663
5.10303641812893	-3.40797659561113
5.10303553628728	-3.40798743713070
5.10303484465072	-3.40799227746016
5.10303434531594	-3.40799121289685
5.10303403928586	-3.40798436695373
5.10303392647393	-3.40797188528331
5.10303400572553	-3.40795393064281
5.10303427485545	-3.40793067810446
5.10303473069957	-3.40790231068923
5.10303536917865	-3.40786901556836
5.10303618537164	-3.40783098093949
5.10303717359588	-3.40778839364499
5.10303832749129	-3.40774143756173
5.10303964010585	-3.40769029275711
5.10304110397995	-3.40763513537587
5.10304271122716	-3.40757613819844
5.10304445360966	-3.40751347179285
5.10304632260664	-3.40744730616989
5.10304830947460	-3.40737781284331
5.10305040529884	-3.40730516719322
5.10305260103550	-3.40722955103017
5.10305488754444	-3.40715115525855
5.10305725561297	-3.40707018254075
5.10305969597102	-3.40698684986636
5.10306219929858	-3.40690139093411
5.10306475622632	-3.40681405825760
5.10306735733043	-3.40672512490947
5.10306999312310	-3.40663488582267
5.10307265403987	-3.40654365857288
5.10307533042534	-3.40645178357282
5.10307801251881	-3.40635962361823
5.10308069044128	-3.40626756273776
5.10308335418555	-3.40617600431394
5.10308599361081	-3.40608536846190
5.10308859844332	-3.40599608867519
5.10309115828448	-3.40590860777398
5.10309366262762	-3.40582337322000
5.10309610088444	-3.40574083189228
5.10309846242182	-3.40566142444821
5.10310073660955	-3.40558557942223
5.10310291287883	-3.40551370723865
5.10310498079126	-3.40544619433298
5.10310693011725	-3.40538339758583
5.10310875092276	-3.40532563927299
5.10311043366221	-3.40527320272467
5.10311196927561	-3.40522632886364
5.10311334928705	-3.40518521375932
5.10311456590183	-3.40515000729191
5.10311561209919	-3.40512081297083
5.10311648171762	-3.40509768889855
5.10311716952987	-3.40508064981644
5.10311767130529	-3.40506967011899
5.10311798385718	-3.40506468767872
5.10311810507378	-3.40506560829019
5.10311803393199	-3.40507231051945
5.10311777049349	-3.40508465073616
5.10311731588388	-3.40510246810942
5.10311667225592	-3.40512558936435
5.10311584273850	-3.40515383312185
5.10311483137361	-3.40518701367718
5.10311364304372	-3.40522494411035
5.10311228339240	-3.40526743866024
5.10311075874079	-3.40531431433229
5.10310907600268	-3.40536539174417
5.10310724260091	-3.40542049524356
5.10310526638697	-3.40547945235667
5.10310315556609	-3.40554209264427
5.10310091862921	-3.40560824605490
5.10309856429290	-3.40567774087274
5.10309610144825	-3.40575040136175
5.10309353911888	-3.40582604520817
5.10309088642826	-3.40590448086280
5.10308815257604	-3.40598550488173
5.10308534682294	-3.40606889936153
5.10308247848332	-3.40615442956158
5.10307955692460	-3.40624184180300
5.10307659157232	-3.40633086173012
5.10307359191970	-3.40642119301628
5.10307056754018	-3.40651251659072
5.10306752810162	-3.40660449045620
5.10306448338062	-3.40669675015802
5.10306144327528	-3.40678890995268
5.10305841781503	-3.40688056470913
5.10305541716579	-3.40697129255588
5.10305245162904	-3.40706065826458
5.10304953163345	-3.40714821733412
5.10304666771772	-3.40723352071049
5.10304387050379	-3.40731612004700
5.10304115065947	-3.40739557337958
5.10303851885023	-3.40747145106325
5.10303598568009	-3.40754334179178
5.10303356162209	-3.40761085850476
5.10303125693911	-3.40767364397653
5.10302908159654	-3.40773137588186
5.10302704516868	-3.40778377114459
5.10302515674099	-3.40783058939850
5.10302342481095	-3.40787163542318
5.10302185719046	-3.40790676046095
5.10302046091264	-3.40793586237108
5.10301924214620	-3.40795888463135
5.10301820612018	-3.40797581425178
5.10301735706160	-3.40798667871594
5.10301669814809	-3.40799154210938
5.10301623147712	-3.40799050062874
5.10301595805265	-3.40798367768717
5.10301587778937	-3.40797121884040
5.10301598953413	-3.40795328675367
5.10301629110333	-3.40793005641375
5.10301677933461	-3.40790171076379
5.10301745015055	-3.40786843690581
5.10301829863203	-3.40783042297748
5.10301931909830	-3.40778785577073
5.10302050519118	-3.40774091912164
5.10302184996055	-3.40768979306625
5.10302334594859	-3.40763465372726
5.10302498527058	-3.40757567387186
5.10302675969029	-3.40751302406331
5.10302866068838	-3.40744687431562
5.10303067952267	-3.40737739615333
5.10303280727960	-3.40730476497455
5.10303503491633	-3.40722916261462
5.10303735329353	-3.40715078000929
5.10303975319916	-3.40706981985857
5.10304222536362	-3.40698649919571
5.10304476046721	-3.40690105176891
5.10304734914070	-3.40681373014685
5.10304998196025	-3.40672480746250
5.10305264943781	-3.40663457871414
5.10305534200855	-3.40654336154731
5.10305805001650	-3.40645149644850
5.10306076370025	-3.40635934629053
5.10306347317993	-3.40626729518152
5.10306616844735	-3.40617574658485
5.10306883936055	-3.40608512069674
5.10307147564453	-3.40599585109061
5.10307406689933	-3.40590838066395
5.10307660261683	-3.40582315695158
5.10307907220718	-3.40574062689978
5.10308146503571	-3.40566123122571
5.10308377047060	-3.40558539851448
5.10308597794147	-3.40551353923057
5.10308807700833	-3.40544603983781
5.10309005744012	-3.40538325723229
5.10309190930135	-3.40532551369180
5.10309362304519	-3.40527309253462
5.10309518961048	-3.40522623465786
5.10309660052037	-3.40518513609198
5.10309784797941	-3.40514994666578
5.10309892496630	-3.40512076982618
5.10309982531922	-3.40509766360360
5.10310054381088	-3.40508064265968
5.10310107621083	-3.40506968130356
5.10310141933282	-3.40506471731891
5.10310157106577	-3.40506565641006
5.10310153038749	-3.40507237705357
5.10310129736076	-3.40508473553216
5.10310087311248	-3.40510257093230
5.10310025979684	-3.40512570990217
5.10309946054428	-3.40515397099257
5.10309847939842	-3.40518716843634
5.10309732124345	-3.40522511525930
5.10309599172465	-3.40526762565470
5.10309449716486	-3.40531451659099
5.10309284447956	-3.40536560865739
5.10309104109318	-3.40542072618143
5.10308909485875	-3.40547969667721
5.10308701398295	-3.40554234970098
5.10308480695800	-3.40560851520402
5.10308248250167	-3.40567802148017
5.10308004950609	-3.40575069280953
5.10307751699577	-3.40582634690071
5.10307489409490	-3.40590479223287
5.10307219000373	-3.40598582539615
5.10306941398341	-3.40606922852671
5.10306657534855	-3.40615476692887
5.10306368346668	-3.40624218697374
5.10306074776330	-3.40633121436051
5.10305777773141	-3.40642155282194
5.10305478294409	-3.40651288335079
5.10305177306871	-3.40660486401699
5.10304875788121	-3.40669713043595
5.10304574727891	-3.40678929693652
5.10304275129034	-3.40688095846123
5.10303978008035	-3.40697169321231
5.10303684394931	-3.40706106603413
5.10303395332461	-3.40714863249584
5.10303111874367	-3.40723394360984
5.10302835082702	-3.40731655109050
5.10302566024104	-3.40739601302795
5.10302305764974	-3.40747189982309
5.10302055365572	-3.40754380020592
5.10301815873058	-3.40761132714146
5.10301588313583	-3.40767412341776
5.10301373683561	-3.40773186671092
5.10301172940303	-3.40778427393348
5.10300986992252	-3.40783110469536
5.10300816689072	-3.40787216374013
5.10300662811884	-3.40790730226285
5.10300526063951	-3.40793641806536
5.10300407062120	-3.40795945455938
5.10300306329290	-3.40797639868194
5.10300224288182	-3.40798727783848
5.10300161256602	-3.40799215603334
5.10300117444361	-3.40799112938076
5.10300092951937	-3.40798432121219
5.10300087770901	-3.40797187700406
5.10300101786057	-3.40795395934630
5.10300134779176	-3.40793074315559
5.10300186434164	-3.40790241131126
5.10300256343431	-3.40786915085856
5.10300344015217	-3.40783114988590
5.10300448881605	-3.40778859514376
5.10300570306934	-3.40774167043460
5.10300707596343	-3.40769055576870