0.0100000000000000
0.0100492895631077
0.0100988220723186
0.0101485987251033
0.0102127372543961
0.0103041106507855
0.0104203187903032
0.0105591252488681
0.0107184331850686
0.0108962629822368
0.0110907311645276
0.0113000304751634
0.0115224110878041
0.0117561631972566
0.0119996013441399
0.0122510508721791
0.0125088369142951
0.0127712762335858
0.0130366723213983
0.0133033138898421
0.0135694767156424
0.0138334289694440
0.0140934400131076
0.0143477924151148
0.0145947967789260
0.0148328088827767
0.0150602485068231
0.0152756192174320
0.0154775282974069
0.0156647059633374
0.0158360230042343
0.0159905060142541
0.0161273494787220
0.0162459241052179
0.0163457809645426
0.0164266512103563
0.0164884413683032
0.0165312244102384
0.0165552270406462
0.0165608138052852
0.0165484687736441
0.0165187756376953
0.0164723971050899
0.0164100544456867
0.0163325079812277
0.0162405391980007
0.0161349350231223
0.0160164746495279
0.0158859191356145
0.0157440038540777
0.0155914337298482
0.0154288810953317
0.0152569859056384
0.0150763579976446
0.0148875810428376
0.0146912178316032
0.0144878165316140
0.0142779175806485
0.0140620609000541
0.0138407931452679
0.0136146747412334
0.0133842864809852
0.0131502354938154
0.0129131604147810
0.0126737356100563
0.0124326743334738
0.0121907307095907
0.0119487004589778
0.0117074203033943
0.0114677660131540
0.0112306490871261
0.0109970120878364
0.0107678226899864
0.0105440665397570
0.0103267390633408
0.0101168364045244
0.00991534571064170
0.00972323502130778
0.00954144304231893
0.00937086910533675
0.00921236362010252
0.00906671931816272
0.00893466356442073
0.00881685197522644
0.00871386353023232
0.00862619730204129
0.00855427085591723
0.00849842029549899
0.00845890185403697
0.00843589485877681
0.00842950583311882
0.00843977345082245
0.00846667402160132
0.00851012716961410
0.00857000136600599
0.00864611899300694
0.00873826064833027
0.00884616844214627
0.00896954809168451
0.00910806967737084
0.00926136698632216
0.00942903543141284
0.00961062859495367
0.00980565350388614
0.0100135647974702
0.0102337579984024
0.0104655621441212
0.0107082320768250
0.0109609407284267
0.0112227717699687
0.0114927130231263
0.0117696510529355
0.0120523673737757
0.0123395367022743
0.0126297276780869
0.0129214064430648
0.0132129434178688
0.0135026235398026
0.0137886601246646
0.0140692123884019
0.0143424065129184
0.0146063599686424
0.0148592086212195
0.0150991359605796
0.0153244036098045
0.0155333821127502
0.0157245808782341
0.0158966760892697
0.0160485353807149
0.0161792381564048
0.0162880905605988
0.0163746343351043
0.0164386490724086
0.0164801476994653
0.0164993653737886
0.0164967423170429
0.0164729014243663
0.0164286217453243
0.0163648091146939
0.0162824653054622
0.0161826570782921
0.0160664864158443
0.0159350630692704
0.0157894803264373
0.0156307946591153
0.0154600096423903
0.0152780642851315
0.0150858256829532
0.0148840857171685
0.0146735613816893
0.0144548982263466
0.0142286763569050
0.0139954184230518
0.0137555990477938
0.0135096551961036
0.0132579970387113
0.0130010189309529
0.0127391101903525
0.0124726654155452
0.0122020941402961
0.0119278296582851
0.0116503368868144
0.0113701191614325
0.0110877238701673
0.0108037468475636
0.0105188354572264
0.0102336902993212
0.00994906548859492
0.00966576746084551
0.00938465228288982
0.00910662146402151
0.00883261629619635
0.00856361078562140
0.00830060327925653
0.00804460693449684
0.00779663922687035
0.00755771073627435
0.00732881349397873
0.00711090920701215
0.00690491770032781
0.00671170592733853
0.00653207789368240
0.00636676581600860
0.00621642279689347
0.00608161723976454
0.00596282915630826
0.00586044843690818
0.00577477506684057
0.00570602118254223
0.00565431477875433
0.00561970480396503
0.00560216732279855
0.00560161238318767
0.00561789120526671
0.00565080330837601
0.00570010321135026
0.00576550637708221
0.00584669412196699
0.00594331727044989
0.00605499840056269
0.00618133259431854
0.00632188667392814
0.00647619696851779
0.00664376571468209
0.00682405624688868
0.00701648718022360
0.00722042582846238
0.00743518113546063
0.00765999642789184
0.00789404232273199
0.00813641014352621
0.00838610621479024
0.00864204741272837
0.00890305835104578
0.00916787057075607
0.00943512407996568
0.00970337155099371
0.00997108542543200
0.0102366681010359
0.0104984652768560
0.0107547824153974
0.0110039041452668
0.0112441162792532
0.0114737299678257
0.0116911073554389
0.0118946879673973
0.0120830149399654
0.0122547601276978
0.0124087470902991
0.0125439709850872
0.0126596144750565
0.0127550589067220
0.0128298902111072
0.0128838992247714
0.0129170764001122
0.0129296011561840
0.0129218263919231
0.0128942589222917
0.0128475367862902
0.0127824045004271
0.0126996873844730
0.0126002660672318
0.0124850521943003
0.0123549662186098
0.0122109179732600
0.0120537905221390
0.0118844275745126
0.0117036245508425
0.0115121232111260
0.0113106096126691
0.0110997150558957
0.0108800196051679
0.0106520577340606
0.0104163256361981
0.0101732897573652
0.00992339613542092
0.00966708017511007
0.00940477652952526
0.00913692880419038
0.00886399884027407
0.00858647536831835
0.00830488185228569
0.00801978336587306
0.00773179235989097
0.00744157319260918
0.00714984530624031
0.00685738494425243
0.00656502531804262
0.00627365514956650
0.00598421554036511
0.00569769514816477
0.00541512369033891
0.00513756383881318
0.00486610162247979
0.00460183550906604
0.00434586439609754
0.00409927479682988
0.00386312755800288
0.00363844448793192
0.00342619530178195
0.00322728530227186
0.00304254420574728
0.00287271649392308
0.00271845362048476
0.00258030833065210
0.00245873126392613
0.00235406991026997
0.00226656988382702
0.00219637837260265
0.00214354952413232
0.00210805144235399
0.00208977440498524
0.00208853986742726
0.00210410980050409
0.00213619591518712
0.00218446835601344
0.00224856349282909
0.00232809050332588
0.00242263651158864
0.00253177012547152
0.00265504329345466
0.00279199147584377
0.00294213219292971
0.00310496207225707
0.00327995256772880
0.00346654456502283
0.00366414212146713
0.00387210561521828
0.00408974459949587
0.00431631067375404
0.00455099069566043
0.00479290066572276
0.00504108061988481
0.00529449086333730
0.00555200986955294
0.00581243415015553
0.00607448037146327
0.00633678995025072
0.00659793630265131
0.00685643484506176
0.00711075575433079
0.00735933938768982
0.00760061414369031
0.00783301641848421
0.00805501218349802
0.00826511958882721
0.00846193189055024
0.00864413991912670
0.00881055325921175
0.00896011930632772
0.00909193940823807
0.00920528139062194
0.00929958790582510
0.00937448022385271
0.00942975729604955
0.00946539015032386
0.00948151190628202
0.00947840391248201
0.00945647869038038
0.00941626050727513
0.00935836448449265
0.00928347517302406
0.00919232549780841
0.00908567688981313
0.00896430130188819
0.00882896565265192
0.00868041907612369
0.00851938318680505
0.00834654541211630
0.00816255530562344
0.00796802364135045
0.00776352400451419
0.00754959653722203
0.00732675346669101
0.00709548603441017
0.00685627245249188
0.00660958653311632
0.00635590666363292
0.00609572482939809
0.00582955541558705
0.00555794354583889
0.00528147273852759
0.00500077168049091
0.00471651993378895
0.00442945240473493
0.00414036241771369
0.00385010325111133
0.00355958801101466
0.00326978774206662
0.00298172770554628
0.00269648179344100
0.00241516509442205
0.00213892468284428
0.00186892876390959
0.00160635437476352
0.00135237390942283
0.00110814080115390
0.000874774754732070
0.000653346968135083
0.000444865813972256
0.000250263461213800
7.03839044568937e-05
-9.40271705888315e-05
-0.000242330320339134
-0.000373997796780221
-0.000488616347924420
-0.000585887310250046
-0.000665624061855723
-0.000727747026390525
-0.000772276528702453
-0.000799323896289779
-0.000809081270185234
-0.000801810630952420
-0.000777832558418883
-0.000737515228328652
-0.000681264108129684
-0.000609512752189329
-0.000522715019553861
-0.000421338951128695
-0.000305862453894486
-0.000176770852845498
-3.45562910173290e-05
0.000120281112764017
0.000287230498295128
0.000465766088347783
0.000655341837613574
0.000855385168061043
0.00106529007167912
0.00128440987448297
0.00151204996386788
0.00174746078605491
0.00198983142205908
0.00223828404927441
0.00249186959072484
0.00274956484402267
0.00301027136540960
0.00327281635897073
0.00353595578521271
0.00379837985491502
0.00405872101224845
0.00431556443517209
0.00456746099172921
0.00481294249005556
0.00505053895115706
0.00527879752178698
0.00549630253641828
0.00570169613980179
0.00589369880295226
0.00607112901355351
0.00623292140378915
0.00637814259983127
0.00650600414047475
0.00661587191733881
0.00670727173177864
0.00677989073671665
0.00683357472443566
0.00686832142106963
0.00688427014102087
0.00688168832597210
0.00686095563132606
0.00682254631845492
0.00676701075856280
0.00669495685203641
0.00660703211891782
0.00650390712832675
0.00638626081681012
0.00625476810880506
0.00611009010808596
0.00595286698779971
0.00578371357728003
0.00560321753271436
0.00541193988974778
0.00521041773056504
0.00499916865502572
0.00477869672251015
0.00454949952465207
0.00431207605498025
0.00406693505556607
0.00381460353939496
0.00355563520735777
0.00329061849836036
0.00302018402884850
0.00274501119369426
0.00246583371432232
0.00218344393325151
0.00189869566844555
0.00161250545786074
0.00132585204629254
0.00103977399489681
0.000755365330119119
0.000473769194210109
0.000196169514334340
-7.62192290812566e-05
-0.000342163983227492
-0.000600426625965343
-0.000849778687449202
-0.00108901691365059
-0.00131697923064322
-0.00153256061804192
-0.00173472836872334
-0.00192253620440303
-0.00209513673605839
-0.00225179180610225
-0.00239188032506049
-0.00251490331643020
-0.00262048600428483
-0.00270837691198578
-0.00277844407856898
-0.00283066863283045
-0.00286513608483287
-0.00288202579251711
-0.00288159913116045
-0.00286418693176748
-0.00283017675998065
-0.00278000058128179
-0.00271412330500917
-0.00263303262473763
-0.00253723048266677
-0.00242722638799440
-0.00230353272060739
-0.00216666205764358
-0.00201712647604670
-0.00185543871208771
-0.00168211500034267
-0.00149767936980844
-0.00130266914261640
-0.00109764135935449
-0.000883179842140582
-0.000659902600096400
-0.000428469279803948
-0.000189588364220321
5.59761734684209e-05
0.000307399049628418
0.000563788964787776
0.000824185283362607
0.00108755635280033
0.00135279969352793
0.00161874425932662
0.00188415492538122
0.00214773930694473
0.00240815694469620
0.00266403081378906
0.00291396102379824
0.00315654047911266
0.00339037216798482
0.00361408764891689
0.00382636621185167
0.00402595411587925
0.00421168325207229
0.00438248855619549
0.00453742350660106
0.00467567309072656
0.00479656370964591
0.00489956961139022
0.00498431559436541
0.00505057589335286
0.00509826934121514
0.00512745107715360
0.00513830123463849
0.00513111117752608
0.00510626795221709
0.00506423768100531
0.00500554863473247
0.00493077469303842
0.00484051983286996
0.00473540418821482
0.00461605210573511
0.00448308249220210
0.00433710162008305
0.00417869843570038
0.00400844230654704
0.00382688305483367
0.00363455305513167
0.00343197112499390
0.00321964790698278
0.00299809242577869
0.00276781950153556
0.00252935770681196
0.00228325756591727
0.00203009970960763
0.00177050271272225
0.00150513035636763
0.00123469806926141
0.000959978315225972
0.000681804706601750
0.000401074638045206
0.000118750253610813
-0.000164142415887041
-0.000446516276655102
-0.000727228047718598
-0.00100508522914894
-0.00127885514259228
-0.00154727595409491
-0.00180906951184251
-0.00206295574948923
-0.00230766832327677
-0.00254197107308636
-0.00276467482952702
-0.00297465403698856
-0.00317086263185049
-0.00335234861048317
-0.00351826674661854
-0.00366788897347751
-0.00380061203176243
-0.00391596209678541
-0.00401359623071150
-0.00409330065118259
-0.00415498595604542
-0.00419867958551919
-0.00422451592822608
-0.00423272457767358
-0.00422361731473282
-0.00419757442578392
-0.00415503096484978
-0.00409646353344042
-0.00402237808870749
-0.00393329920543657
-0.00382976111801026
-0.00371230076259181
-0.00358145293469225
-0.00343774757910223
-0.00328170914244245
-0.00311385784612578
-0.00293471268045281
-0.00274479587854036
-0.00254463860033390
-0.00233478753987487
-0.00211581216073922
-0.00188831226262122
-0.00165292558421358
-0.00141033515217385
-0.00116127609207744
-0.000906541624558127
-0.000646987978744436
-0.000383537966634958
-0.000117182977721277
0.000151016825234379
0.000419934298928403
0.000688379251390959
0.000955104613662254
0.00121881489025944
0.00147817685423668
0.00173183236919099
0.00197841312934580
0.00221655701362474
0.00244492565540859
0.00266222274243935
0.00286721248773473
0.00305873765916740
0.00323573652881093
0.00339725810833847
0.00354247507688614
0.00367069388361855
0.00378136161666761
0.00387406936809888
0.00394855198327381
0.00400468425236994
0.00404247377047571
0.00406205084884434
0.00406365599266363
0.00404762556109565
0.00401437628719505
0.00396438935584590
0.00389819471782133
0.00381635626152191
0.00371945837761586
0.00360809434422342
0.00348285684079112
0.00334433077652696
0.00319308850230686
0.00302968736972803
0.00285466951186708
0.00266856364958417
0.00247188867525113
0.00226515873132679
0.00204888948186803
0.00182360526779639
0.00158984683827606
0.00134817935781903
0.00109920039911276
0.000843547643135265
0.000581906019727013
0.000315014033066156
4.36690278224673e-05
-0.000231268835840905
-0.000508874115285734
-0.000788155323962790
-0.00106805604740589
-0.00134745807479506
-0.00162518664091839
-0.00190001781960530
-0.00217068804540577
-0.00243590566634757
-0.00269436434901852
-0.00294475807117784
-0.00318579735090170
-0.00341622628017646
-0.00363483986077876
-0.00384050108735997
-0.00403215719268277
-0.00420885446781812
-0.00436975109911777
-0.00451412752516721
-0.00464139390943614
-0.00475109444407890
-0.00484290834084492
-0.00491664751776780
-0.00497225114519267
-0.00500977736121739
-0.00502939259467750
-0.00503135903476614
-0.00501602085393827
-0.00498378982146903
-0.00493513093864089
-0.00487054868575104
-0.00479057440126678
-0.00469575522166973
-0.00458664490497166
-0.00446379674981717
-0.00432775871307416
-0.00417907072810429
-0.00401826413804652
-0.00384586308613090
-0.00366238764919159
-0.00346835846057275
-0.00326430254277990
-0.00305076005605994
-0.00282829166382883
-0.00259748621680656
-0.00235896846252987
-0.00211340649383388
-0.00186151865786116
-0.00160407965584466
-0.00134192557370287
-0.00107595759538051
-0.000807144166351484
-0.000536521395561904
-0.000265191512224788
5.68076895229840e-06
0.000274874072923636
0.000541118419850620
0.000803105481093422
0.00105950092574244
0.00130895866011541
0.00155013667082538
0.00178171409078651
0.00200240902258506
0.00221099658136356
0.00240632656627376
0.00258734014173386
0.00275308491218253
0.00290272780999944
0.00303556528669698
0.00315103040060218
0.00324869652541541
0.00332827755594989
0.00338962465052785
0.00343271971303891
0.00345766597025359
0.00346467613102447
0.00345405871464784
0.00342620319967430
0.00338156466881811
0.00332064861068792
0.00324399648840028
0.00315217260494054
0.00304575269342267
0.00292531454606643
0.00279143087757050
0.00264466450451300
0.00248556581881449
0.00231467244460331
0.00213251089647102
0.00193960000366183
0.00173645582820317
0.00152359778320636
0.00130155564771180
0.00107087717344107
0.000832135983708686
0.000585939473031258
0.000332936425784024
7.38240824723780e-05
-0.000190645607538591
-0.000459660797279301
-0.000732345855692470
-0.00100775900657126
-0.00128489169620111
-0.00156266986643480
-0.00183995727490615
-0.00211556095914919
-0.00238823888568785
-0.00265670975866147
-0.00291966488622934
-0.00317578191897375
-0.00342374018611901
-0.00366223726707613
-0.00389000635305032
-0.00410583388231050
-0.00430857687950868
-0.00449717940008599
-0.00467068748024994
-0.00482826202456555
-0.00496918912800733
-0.00509288742592230
-0.00519891218958551
-0.00528695603010876
-0.00535684623045342
-0.00540853888382914
-0.00544211016596127
-0.00545774519826976
-0.00545572506017556
-0.00543641257522924
-0.00540023752424428
-0.00534768192906529
-0.00527926600605170
-0.00519553531446371
-0.00509704952920046
-0.00498437315821796
-0.00485806841094298
-0.00471869031281419
-0.00456678405903951
-0.00440288451228439
-0.00422751767691203
-0.00404120392737472
-0.00384446272966134
-0.00363781857043704
-0.00342180779606028
-0.00319698606013021
-0.00296393608080414
-0.00272327541541752
-0.00247566396812494
-0.00222181095526409
-0.00196248106257961
-0.00169849953870244
-0.00143075598135765
-0.00116020658814807
-0.000887874664224141
-0.000614849206592402
-0.000342281421008950
-7.13790737602476e-05
0.000196601362043664
0.000460364737773137
0.000718589332135336
0.000969940833714482
0.00121308792127356
0.00144671907020895
0.00166956012981419
0.00188039214443875
0.00207806883862970
0.00226153315791295
0.00242983225796411
0.00258213036880491
0.00271771902835771
0.00283602427958280
0.00293661055309734
0.00301918110559606
0.00308357504434376
0.00312976112886585
0.00315782869165422
0.00316797614978768
0.00316049768006026
0.00313576869526502
0.00309423078554966
0.00303637677640867
0.00296273650721296
0.00287386385712361
0.00277032544655048
0.00265269133066477
0.00252152788550136
0.00237739297468675
0.00222083338212601
0.00205238440755357
0.00187257145021710
0.00168191335179224
0.00148092723204184
0.00127013452771139
0.00105006793397087
0.000821278945386584
0.000584345697067492
0.000339880813826000
8.85389840875056e-05
-0.000168976015224347
-0.000431905106848429
-0.000699428768020516
-0.000970663193558336
-0.00124465799357078
-0.00152039563199796
-0.00179679278514920
-0.00207270376369922
-0.00234692609580082
-0.00261820831224260
-0.00288525990692138
-0.00314676336833120
-0.00340138809247794
-0.00364780589800863
-0.00388470777495909
-0.00411082141491048
-0.00432492899869908
-0.00452588466451762
-0.00471263105028259
-0.00488421430448575
-0.00503979699270340
-0.00517866839357974
-0.00530025177688501
-0.00540410838285183
-0.00548993796946038
-0.00555757595354841
-0.00560698733200375
-0.00563825771983312
-0.00565158197216214
-0.00564725095841058
-0.00562563712270752
-0.00558717949184515
-0.00553236878079467
-0.00546173319923889
-0.00537582548654642
-0.00527521160480665
-0.00516046140857601
-0.00503214149447016
-0.00489081032146411
-0.00473701559007525
-0.00457129378001449
-0.00439417167396049
-0.00420616964056302
-0.00400780641178385
-0.00379960506625417
-0.00358209991877722
-0.00335584401347175
-0.00312141692148287
-0.00287943255123079
-0.00263054668798895
-0.00237546398906985
-0.00211494417069615
-0.00184980713311622
-0.00158093678268057
-0.00130928332491029
-0.00103586382284800
-0.000761760842084607
-0.000488119039572221
-0.000216139599087829
5.29275271791905e-05
0.000317793543982222
0.000577142801087915
0.000829646654886540
0.00107397892514704
0.00130883257956936
0.00153293719561590
0.00174507667786580
0.00194410665617646
0.00212897096121323
0.00229871657435394
0.00245250648186947
0.00258962992968552
0.00270950967339853
0.00281170594424820
0.00289591699851861
0.00296197627627286
0.00300984635492337
0.00303961003293706
0.00305145900860804
0.00304568071955025
0.00302264397410965
0.00298278403306406
0.00292658778884560
0.00285457964327078
0.00276730860919604
0.00266533706425997
0.00254923147449087
0.00241955529060976
0.00227686410809300
0.00212170307977970
0.00195460648151012
0.00177609925951266
0.00158670033374460
0.00138692739331384
0.00117730289650201
0.000958360976101764
0.000730654947836548
0.000494765122714239
0.000251306630849796
9.36972758152843e-07
-0.000255636976726446
-0.000517652777238742
-0.000784287299463352
-0.00105465291259180
-0.00132779521048884
-0.00160269248409540
-0.00187825712032368
-0.00215333907167290
-0.00242673149459005
-0.00269717859739401
-0.00296338567039033
-0.00322403119266711
-0.00347778082419496
-0.00372330300168579
-0.00395928576680293
-0.00418445437133746
-0.00439758913210820
-0.00459754295502127
-0.00478325791896541
-0.00495378031099692
-0.00510827353788637
-0.00524602840659981
-0.00536647036607748
-0.00546916343036084
-0.00555381065166920
-0.00562025117222378
-0.00566845404481898
-0.00569850916325119
-0.00571061577425782
-0.00570506914377628
-0.00568224601581515
-0.00564258952885854
-0.00558659424263791
-0.00551479188059947
-0.00542773831638415
-0.00532600223389161
-0.00521015577869866
-0.00508076740241910
-0.00493839698884318
-0.00478359324773764
-0.00461689327351981
-0.00443882409418335
-0.00424990598153387
-0.00405065725612309
-0.00384160029722687
-0.00362326845707239
-0.00339621357629119
-0.00316101380138007
-0.00291828141232729
-0.00266867037765740
-0.00241288336384977
-0.00215167793603811
-0.00188587169746918
-0.00161634612738520
-0.00134404889227606
-0.00106999442561746
-0.000795262598164352
-0.000520995336386108
-0.000248391092130101
2.13028770866277e-05
0.000286800390627192
0.000546788286652881
0.000799940235340244
0.00104493214644227
0.00128045880557575
0.00150525129066454
0.00171809464885230
0.00191784526124225
0.00210344729396477
0.00227394763424575
0.00242850874263112
0.00256641891839613
0.00268709957291654
0.00279010923114356
0.00287514412743212
0.00294203541980286
0.00299074320581868
0.00302134767271165
0.00303403784386527
0.00302909848450616
0.00300689579522247
0.00296786254947315
0.00291248332062108
0.00284128039835263
0.00275480091938003
0.00265360564064351
0.00253825967335428
0.00240932538167803
0.00226735753837892
0.00211290072762812
0.00194648889692425
0.00176864688824388
0.00157989372388419
0.00138074738417977
0.00117173079043062
0.000953378694321149
0.000726245171918669
0.000490911423196039
0.000247993584508009
-1.84973024817953e-06
-0.000257910435029330
-0.000519424789420782
-0.000785568284410982
-0.00105545183980050
-0.00132811954160715
-0.00160254812746606
-0.00187764840066049
-0.00215226871727275
-0.00242520064458868
-0.00269518683151097
-0.00296093106335264
-0.00322111039504476
-0.00347438917072289
-0.00371943464730296
-0.00395493384963411
-0.00417961120072364
-0.00439224639861163
-0.00459169195816413
-0.00477688980738190
-0.00494688632877118
-0.00510084527018859
-0.00523805801738739
-0.00535795082064246
-0.00546008869590307
-0.00554417586984786
-0.00561005279875065
-0.00565768995253912
-0.00568717870671844
-0.00569871981544978
-0.00569261004019443
-0.00566922757367339
-0.00562901692528813
-0.00557247392176100
-0.00550013142890690
-0.00541254632308896
-0.00531028814183494
-0.00519392973100646
-0.00506404008950293
-0.00492117949958094
-0.00476589692782933
-0.00459872959315970
-0.00442020452637969
-0.00423084189168705
-0.00403115980287299
-0.00382168034411856
-0.00360293649427035
-0.00337547965139111
-0.00313988745831190
-0.00289677163739468
-0.00264678555189806
-0.00239063122110550
-0.00212906552637137
-0.00186290535583455
-0.00159303144773815
-0.00132039070756138
-0.00104599679430689
-0.000770928798193509
-0.000496327867458581
-0.000223391687401877
4.66332289688272e-05
0.000312461412288400
0.000572780366930341
0.000826264372090808
0.00107158987729906
0.00130745212719796
0.00153258256752971
0.00174576651316500
0.00194586050604208
0.00213180876197541
0.00230265810537854
0.00245757082330774
0.00259583493595836
0.00271687147832823
0.00282023851295254
0.00290563173955857
0.00297288172517147
0.00302194793719213
0.00305290991135275
0.00306595601590461
0.00306137037417226
0.00303951857344838
0.00300083281586649
0.00294579715640185
0.00287493342763928
0.00278878837613958
0.00268792243870473
0.00257290047709124
0.00244428467527564
0.00230262969195991
0.00214848005891781
0.00198236972752699
0.00180482359397644
0.00161636077893826
0.00141749939915560
0.00120876254449079
0.000990685161856794
0.000763821544204392
0.000528753125541386
0.000286096289401550
3.65099064491678e-05
-0.000219297674090613
-0.000480562445077626
-0.000746459629887421
-0.00101609988234449
-0.00128852702659363
-0.00156271754496688
-0.00183758199452248
-0.00211196849676196
-0.00238466839865331
-0.00265442414568365
-0.00291993933925822
-0.00317989087240176
-0.00343294295163245
-0.00367776272250967
-0.00391303712632921
-0.00413749053134706
-0.00434990261000722
-0.00454912588035815
-0.00473410230119921
-0.00490387831148385
-0.00505761773841126
-0.00519461206649800
-0.00531428766011394
-0.00541620966007672
-0.00550008242385618
-0.00556574653949562
-0.00561317260483677
-0.00564245211492276
-0.00565378593105099
-0.00564747090603841
-0.00562388530556397
-0.00558347369180183
-0.00552673192312739
-0.00545419287578683
-0.00536641341602334
-0.00526396305204701
-0.00514741458312981
-0.00501733694668532
-0.00487429035129021
-0.00471882368056985
-0.00455147406420239
-0.00437276844051860
-0.00418322688096385
-0.00398336740915589
-0.00377371202438328
-0.00355479362840424
-0.00332716355232397
-0.00309139938426460
-0.00284811280602503
-0.00259795715611023
-0.00234163444627067
-0.00207990156868281
-0.00181357544148791
-0.00154353685258891
-0.00127073277686597
-0.000996176962106127
-0.000720948605848084
-0.000446188980802249
-0.000173095911942600
9.70839353903129e-05
0.000363064929974907
0.000623534408507886
0.000877166480908232
0.00112263743048054
0.00135864234366450
0.00158391252115880
0.00179723315108265
0.00199746067184740
0.00218353922349180
0.00235451558632131
0.00250955203806725
0.00264793662653405
0.00276909045232508
0.00287257168147783
0.00295807615384028
0.00302543461076333
0.00307460672473206
0.00310567226299553
0.00311881984674382
0.00311433386818829
0.00309258019375108
0.00305399130922750
0.00299905155227827
0.00292828303206240
0.00284223276097382
0.00274146142686641
0.00262653412435415
0.00249801324928510
0.00235645364903392
0.00220240001914392
0.00203638644857439
0.00185893794394633
0.00167057370848008
0.00147181191299098
0.00126317567241757
0.00104519992925700
0.000818438942056031
0.000583474079935672
0.000340921630594583
9.14403375295412e-05
-0.000164261608762023
-0.000425420391406143
-0.000691211455203365
-0.000960745705706891
-0.00123306724764321
-0.00150715287061676
-0.00178191346267122
-0.00205619749613145
-0.00232879668380158
-0.00259845384622986
-0.00286387296239100
-0.00312373129783113
-0.00337669341829062
-0.00362142680651332
-0.00385661870997711
-0.00408099376323829
-0.00429333185671274
-0.00449248567044648
-0.00467739726278271
-0.00484711310479322
-0.00500079698519949
-0.00513774027829357
-0.00525736916747150
-0.00535924854499489
-0.00544308245744124
-0.00550871112674796
-0.00555610473813764
-0.00558535433741772
-0.00559666031069436
-0.00559031902060700
-0.00556670823850072
-0.00552627203834265
-0.00546950580581917
-0.00539694196824309
-0.00530913697359444
-0.00520665994800784
-0.00509008334900204
-0.00495997581540290
-0.00481689730206840
-0.00466139648452989
-0.00449401033001678
-0.00431526565955710
-0.00412568247162110
-0.00392577876021550
-0.00371607653741077
-0.00349710875925692
-0.00326942685191652
-0.00303360853873548
-0.00279026567641354
-0.00254005181757994
-0.00228366922680935
-0.00202187508707662
-0.00175548664421718
-0.00148538504913189
-0.00121251767273502
-0.000937898688787086
-0.000662607746679336
-0.000387786591726282
-0.000114633535999251
0.000155604260970247
0.000421640675166721
0.000682162561352745
0.000935843568615660
0.00118135955128815
0.00141740520963658
0.00164271151171360
0.00185606337660622
0.00205631704629851
0.00224241654445823
0.00241340862057754
0.00256845561034121
0.00270684570894120
0.00282800025179691
0.00293147772251438
0.00301697435405750
0.00308432134698306
0.00313347888775848
0.00316452729971107
0.00317765578870796
0.00317314934649268
0.00315137444043909
0.00311276414608588
0.00305780336822328
0.00298701475065294
0.00290094579977548
0.00280015765046348
0.00268521579277073
0.00255668296344515
0.00241511429468846
0.00226105471044318
0.00209503847219014
0.00191759070437680
0.00172923067491716
0.00153047656791165
0.00132185146188991
0.00110389021483199
0.000877146954051698
0.000642202871909787
0.000399674034841811
0.000150218921523244
-0.000105454584940986
-0.000366583016459532
-0.000632342206458844
-0.000901843486865878
-0.00117413142370262
-0.00144818329906274
-0.00172291051989562
-0.00199716209791008
-0.00226973029860911
-0.00253935850016251
-0.00280475123453298
-0.00306458630504348
-0.00331752878862532
-0.00356224664075877
-0.00379742753122013
-0.00402179645476707
-0.00423413358906725
-0.00443329181892212
-0.00461821331717946
-0.00478794457364450
-0.00494164929707655
-0.00507861868303553
-0.00519827864031019
-0.00530019369651359
-0.00538406745211998
-0.00544973961251438
-0.00549717978887924
-0.00552647840984986
-0.00553783521635627
-0.00553154591311896
-0.00550798761560396
-0.00546760375769725
-0.00541088911309006
-0.00533837553567917
-0.00525061894711556
-0.00514818800075516
-0.00503165473936990
-0.00490158744773520
-0.00475854578844313
-0.00460307820634656
-0.00443572149841303
-0.00425700237398959
-0.00406744077622878
-0.00386755469782627
-0.00365786620124218
-0.00343890834249351
-0.00321123269541776
-0.00297541717714148
-0.00273207388287485
-0.00248185664724982
-0.00222546805910941
-0.00196366566658903
-0.00169726711987836
-0.00142715401121396
-0.00115427418691343
-0.000879642326417455
-0.000604338610255282
-0.000329505334375603
-5.63413738100305e-05
0.000213905545007304
0.000479948736749089
0.000740474510997286
0.000994155999113990
0.00123966857696700
0.00147570651752669
0.00170100042429207
0.00191433492529838
0.00211456605442748
0.00230063771784751
0.00247159664357367
0.00262660524466380
0.00276495189251709
0.00288605819461895
0.00298948299659632
0.00307492297474436
0.00314220984321049
0.00319130435931675
0.00322228746013030
0.00323534899300119
0.00323077460363106
0.00320893141104333
0.00317025312636308
0.00311522526162241
0.00304437102903650
0.00295823845609536
0.00285738914498869
0.00274238899485240
0.00261380109064077
0.00247218085082711
0.00231807342392382
0.00215201323549400
0.00197452551546716
0.00178612958091650
0.00158734361120428
0.00137869062860782
0.00116070538554955
0.000933941856443000
0.000698981035108069
0.000456438745280124
0.000206973180121914
-4.87081042491875e-05
-0.000309842006720438
-0.000575604765882519
-0.000845108154700307
-0.00111739721310511
-0.00139144972610753
-0.00166617762771019
-0.00194043047482310
-0.00221300108913254
-0.00248263340762954
-0.00274803251428296
-0.00300787674719022
-0.00326083168967020
-0.00350556576361457
-0.00374076705358644
-0.00396516090623292
-0.00417752777778916
-0.00437672074921436
-0.00456168209982505
-0.00473145833116015
-0.00488521306650912
-0.00502223731910309
-0.00514195672180206
-0.00524393543881688
-0.00532787662854202
-0.00539361948672703
-0.00544113306034334
-0.00547050717351710
-0.00548194093732875
-0.00547572941631755
-0.00545224908989675
-0.00541194277340975
-0.00535530465138853
-0.00528286602801126
-0.00519518232271608
-0.00509282174017957
-0.00497635593209068
-0.00484635285200832
-0.00470337189189748
-0.00454796128604072
-0.00438065767941543
-0.00420198768584335
-0.00401247120694285
-0.00381262624527259
-0.00360297492202544
-0.00338405039848896
-0.00315640439824332
-0.00292061503084433
-0.00267729462507495
-0.00242709728890024
-0.00217072592291348
-0.00190893842396627
-0.00164255282620436
-0.00137245113888318
-0.00109958165559982
-0.000824959529745284
-0.000549665437953801
-0.000274842188886687
-1.68918025966282e-06
0.000268545336565830
0.000534574157849909
0.000795083090931147
0.00104874479144076
0.00129423419677947
0.00153024518952595
0.00175550804133374
0.00196880711662811
0.00216899826237399
0.00235502528130086
0.00252593488618200
0.00268088956536072
0.00281917785577157
0.00294022161770159
0.00304358003119748
0.00312895018045978
0.00319616425072556
0.00324518352155213
0.00327608949012988
0.00328907258791456
0.00328441905472693
0.00326249660024710
0.00322373951030540
0.00316863384458784
0.00309770332648938
0.00301149645062793
0.00291057523658209
0.00279550594727709
0.00266685197566715
0.00252516899169105
0.00237100233922346
0.00220488658440596
0.00202734704488737
0.00183890307487104
0.00164007284265373
0.00143137931359488
0.00121335713951928
0.000986560152498526
0.000751569163951384
0.000508999776622094
0.000259509925422256
3.80687226007941e-06
-0.000257346610507166
-0.000523127123095333
-0.000792646830859605
-0.00106495119419170
-0.00133901844319791
-0.00161376097730868
-0.00188802883392754
-0.00216061532401817
-0.00243026487533664
-0.00269568305585504
-0.00295554867183834
-0.00320852774923719
-0.00345328911697856
-0.00368852122097222
-0.00391294971377710
-0.00412535529311854
-0.00432459120921875
-0.00450959983221581
-0.00467942767177157
-0.00483323827459597
-0.00497032249308654
-0.00509010571799952
-0.00519215179564497
-0.00527616349850303
-0.00534197957818536
-0.00538956859068727
-0.00541901983480913
-0.00543053187500915
-0.00542439922097725
-0.00540099780161484
-0.00536076989769117
-0.00530420918536701
-0.00523184649531808
-0.00514423681526638
-0.00504194796509243
-0.00492555126202690
-0.00479561437736260
-0.00465269647349867
-0.00449734560727006
-0.00433009829692515
-0.00415148107832505
-0.00396201382163930
-0.00376221454213406
-0.00355260541557420
-0.00333371969756778
-0.00310610924388550
-0.00287035233251511
-0.00262706149550257
-0.00237689107764392
-0.00212054424871342
-0.00185877920579427
-0.00159241431279110
-0.00132233193634869
-0.00104948075266493
-0.000774876319864560
-0.000499599737592742
-0.000224794251078062
4.83402974749906e-05
0.000318555210844878
0.000584562845472016
0.000845048583075091
0.00109868467659562
0.00134414569273740
0.00158012518447606
0.00180535314375461
0.00201861371330648
0.00221876258349517
0.00240474347118756
0.00257560307792682
0.00273050395732846
0.00286873478776559
0.00298971764451016
0.00309301199127359
0.00317831525764562
0.00324546002720253
0.00329440802056435
0.00332524120747020
0.00333815051164521
0.00333342267310107
0.00331142589826720
0.00327259495577009
0.00321741636481572
0.00314641427714962
0.00306013757824569
0.00295914863632227
0.00284401401755334
0.00271529737098793
0.00257355457496250
0.00241933113449954
0.00225316173083237
0.00207557175234590
0.00188708058161099
0.00168820637500996
0.00147947204774519
0.00126141216513211
0.00103458043806597
0.000799557523591163
0.000556958838160375
0.000307442099633564
5.17143232331320e-05
-0.000209461993794474
-0.000475263753778886
-0.000744803449421644
-0.00101712689144000
-0.00129121268038422
-0.00156597360267273
-0.00184026009487447
-0.00211286587409471
-0.00238253577517135
-0.00264797576728037
-0.00290786504451815
-0.00316086999928794
-0.00340565979729281
-0.00364092318322394
-0.00386538606240207
-0.00407782933190229
-0.00427710638147472
-0.00446215965587228
-0.00463203567098857
-0.00478589790977529
-0.00492303709130155
-0.00504287840593790
-0.00514498543711772
-0.00522906063842318
-0.00529494239466746
-0.00534259885657780
-0.00537211888955058
-0.00538370060729484
-0.00537763806220134
-0.00535430672969168
-0.00531414845043946
-0.00525765648234921
-0.00518536126680816
-0.00509781743689771
-0.00499559249670946
-0.00487925748932129
-0.00474937985500229
-0.00460651856863793
-0.00445122154254130
-0.00428402519223854
-0.00410545599102305
-0.00391603378475475
-0.00371627660067220
-0.00350670666087290
-0.00328785729988306
-0.00306028048340027
-0.00282455462897950
-0.00258129243668829
-0.00233114844673687
-0.00207482605068507
-0.00181308369268830
-0.00154674000774549
-0.00127667765605038
-0.00100384562781293
-0.000729259813104875
-0.000454001658292197
-0.000179214766232761
9.39006569408326e-05
0.000364095549134669
0.000630081907027672
0.000890544764350451
0.00114415604495460
0.00138959001274469
0.00162553995160671
0.00185073562527156
0.00206396099575270
0.00226407162593485
0.00245001116303103
0.00262082629990317
0.00277567964395216
0.00291385998949511
0.00303478958773419
0.00313802813429293
0.00322327334094831
0.00329035811655167
0.00333924454171866
0.00337001497171764
0.00338286073172592
0.00337806896949854
0.00335600829623007
0.00331711387376578
0.00326187259539131
0.00319080896137169
0.00310447217500190
0.00300342488779629
0.00288823391213650
0.00275946310478076
0.00261766851286090
0.00246339577167299
0.00229717965520221
0.00211954560847504
0.00193101303623746
0.00173210008430333
0.00152332962624549
0.00130523615624756
0.00107837328596066
0.000843321546283677
0.000600696201678289
0.000351154793120411
9.54041349796777e-05
-0.000165793499329269
-0.000431615257787375
-0.000701173899126752
-0.000973515518645029
-0.00124761901770224
-0.00152239749685916
-0.00179670171662247
-0.00206932572361774
-0.00233901468289891
-0.00260447488903369
-0.00286438585061950
-0.00311741425718984
-0.00336222954749238
-0.00359752070844679
-0.00382201385029376
-0.00403449003174093
-0.00423380275570005
-0.00441889452750085
-0.00458881186822668
-0.00474271820933905
-0.00487990416208459
-0.00499979475472155
-0.00510195335798468
-0.00518608216741584
-0.00525201927102605
-0.00529973249161805
-0.00532931034391074
-0.00534095057692083
-0.00533494687307209
-0.00531167434093898
-0.00527157446521004
-0.00521514016550955
-0.00514290156841730
-0.00505541302027497
-0.00495324176990135
-0.00483695863881858
-0.00470713088066124
-0.00456431731890570
-0.00440906574925762
-0.00424191250446813
-0.00406338400755249
-0.00387400008505047
-0.00367427877423541
-0.00346474233503565
-0.00324592416616473
-0.00301837632258508
-0.00278267733508393
-0.00253944003996625
-0.00228931913582364
-0.00203301819391298
-0.00177129585852333
-0.00150497098419929
-0.00123492646882322
-0.000962111556824898
-0.000687542406981005
-0.000412300746290603
-0.000137530467045742
0.000135567930114036
0.000405745087845673
0.000671712711733897
0.000932155553957635
0.00118574527212072
0.00143115588516115
0.00166708045927793
0.00189224857358947
0.00210544404391777
0.00230552233002409
0.00249142702276931
0.00266220480797688
0.00281701833652744
0.00295515649648291
0.00307604168129524
0.00317923377410102
0.00326443071483552
0.00333146567533887
0.00338030102727774
0.00341101943760368
0.00342381255603701
0.00341896785994727
0.00339685428772047
0.00335790731904355
0.00330261414955677
0.00323149956120308
0.00314511301412698
0.00304401738877271
0.00292877969646278
0.00279996396176980
0.00265812636818023
0.00250381265620439
0.00233755767471151
0.00215988691442446
0.00197131979792767
0.00177237446240863
0.00156357374770886
0.00134545209043514
0.00111856302193837
0.000883486971071057
0.000640839079353730
0.000391276744693557
0.000135506619008226
-0.000125709205325945
-0.000391548074980338
-0.000661122963868838
-0.000933480197486244
-0.00120759892053240
-0.00148239248771147
-0.00175671192161940
-0.00202935153551306
-0.00229905676166969
-0.00256453415800951
-0.00282446348770628
-0.00307751168085265
-0.00332234839730569
-0.00355766282019916
-0.00378218122583756
-0.00399468480400119
-0.00419402714948495
-0.00437915081697716
-0.00454910233212064
-0.00470304508508270
-0.00484026960023428
-0.00496020077501887
-0.00506240180840490
-0.00514657468745006
-0.00521255726027902
-0.00526031708458016
-0.00528994239149585
-0.00530163063507063
-0.00529567519843052
-0.00527245089331902
-0.00523239891632697
-0.00517601191325491
-0.00510381975580543
-0.00501637655811429
-0.00491424936222418
-0.00479800881014019
-0.00466822200422252
-0.00452544764517131
-0.00437023343408072
-0.00420311563648019
-0.00402462063448129
-0.00383526823880184
-0.00363557649468605
-0.00342606769257257
-0.00320727528306752
-0.00297975139338018
-0.00274407464600745
-0.00250085798765419
-0.00225075624531058
-0.00199447313596513
-0.00173276746626365
-0.00146645826890570
-0.00119642863470060
-0.000923628014471244
-0.000649072785194956
-0.000373844901803374
-9.90884917143866e-05
0.000173995705141968
0.000444158091486328
0.000710110136301386
0.000970536362878255
0.00122410821233197
0.00146949950437189
0.00170540312810836
0.00193054851242666
0.00214371935412319
0.00234377102892540
0.00252964708167049
0.00270039419224348
0.00285517504665910
0.00299327860898962
0.00311412738815039
0.00321728141956729
0.00330243882854378
0.00336943300064551
0.00341822654412424
0.00344890237933886
0.00346165241992214
0.00345676441132920
0.00343460755811031
0.00339561759856096
0.00334028197438033
0.00326912569679610
0.00318269843508184
0.00308156325613509
0.00296628733336599
0.00283743482813667
0.00269556203514623
0.00254121478079234
0.00237492797515694
0.00219722714642199
0.00200863173195041
0.00180965986215241
0.00160083434963413
0.00138268958432502
0.00115577903236141
0.000920683039631008
0.000678016647624174
0.000428437137769564
0.000172651029657119
-8.85797318712924e-05
-0.000354432655472751
-0.000624020890556835
-0.000896390950424775
-0.00117052217836962
-0.00144532813656934
-0.00171966006164422
-0.00199231248464809
-0.00226203105620266
-0.00252752254947477
-0.00278746693577810
-0.00304053134195398
-0.00328538560877411
-0.00352071907999665
-0.00374525816795866
-0.00395778416991570
-0.00415715075613839
-0.00434230052205274
-0.00451227999742887
-0.00466625253907439
-0.00480350860072112
-0.00492347297322217
-0.00502570871543218
-0.00510991764422002
-0.00517593741178140
-0.00522373535917381
-0.00525339948573245
-0.00526512700429216
-0.00525921105314653
-0.00523602620113974
-0.00519601340902502
-0.00513966509836462
-0.00506751093205233
-0.00498010483390128
-0.00487801367638569
-0.00476180795420527
-0.00463205464549592
-0.00448931235003729
-0.00433412869104775