1.33333333333333
1.16212749730325
1.01378149889093
0.885247519410107
0.775766320727793
0.684513930816012
0.608739825309574
0.546082043076947
0.494512162160080
0.452287846827831
0.417911891556238
0.390096880766845
0.367734711683355
0.349870364719245
0.335679402341115
0.324448752434190
0.315560391058434
0.308477581489405
0.302733382332485
0.297921140480656
0.293686698523270
0.289722105893721
0.285760630929707
0.281572867073373
0.276963733305072
0.271770182711162
0.265859441555857
0.259127610762928
0.251498473324525
0.242922365671997
0.233374989035310
0.222856058499912
0.211387712628979
0.199012634477901
0.185791864457474
0.171802315304964
0.157134027657220
0.141887229560962
0.126169283007204
0.110091613891446
0.0937667278204355
0.0773054126512092
0.0608142199503230
0.0443933027031824
0.0281346670815634
0.0121208737070928
-0.00357579943764952
-0.0188937426585469
-0.0337819788258629
-0.0481997525206466
-0.0621158020818338
-0.0755073797397898
-0.0883590877335854
-0.100661597101625
-0.112410311462340
-0.123604031431942
-0.134243667239582
-0.144331038403037
-0.153867790695218
-0.162854452574009
-0.171289646102073
-0.179169461321558
-0.186486998101326
-0.193232075559066
-0.199391106114492
-0.204947128843562
-0.209879994848835
-0.214166695617370
-0.217781823612860
-0.220698152496514
-0.222887322300696
-0.224320612565897
-0.224969783937119
-0.224807966109421
-0.223810567483649
-0.221956179661356
-0.219227448224202
-0.215611880372164
-0.211102560187723
-0.205698743760317
-0.199406309290172
-0.192238041643455
-0.184213736589927
-0.175360116937175
-0.165710560678100
-0.155304649679825
-0.144187555872390
-0.132409289811836
-0.120023843365195
-0.107088263617857
-0.0936616985565404
-0.0798044563885185
-0.0655771194328665
-0.0510397504401139
-0.0362512241958461
-0.0212687107029403
-0.00614732856610400
0.00906002108484305
0.0243026382119624
0.0395318312085444
0.0547005615742473
0.0697629460431049
0.0846736417094685
0.0993871440058689
0.113857030616294
0.128035186658413
0.141871047866462
0.155310899178113
0.168297266167925
0.180768436217804
0.192658145143100
0.203895463098586
0.214404910797465
0.224106833157618
0.232918052178284
0.240752813884894
0.247524035340785
0.253144846886515
0.257530411949907
0.260599992188231
0.262279209831996
0.262502442617605
0.261215270612198
0.258376879778584
0.253962315704762
0.247964474003550
0.240395712867600
0.231288979290002
0.220698354244022
0.208698943770137
0.195386071826661
0.180873765517174
0.165292561755448
0.148786703795619
0.131510833199315
0.113626314539981
0.0952973535777653
0.0766870825618011
0.0579537874694962
0.0392474412426762
0.0207066854543063
0.00245637240068985
-0.0153942567959153
-0.0327527216008838
-0.0495437810303550
-0.0657092791229768
-0.0812074228744262
-0.0960115801149382
-0.110108698204237
-0.123497449840908
-0.136186210574472
-0.148190965090098
-0.159533227591838
-0.170238047280662
-0.180332154535270
-0.189842288249539
-0.198793730850721
-0.207209065484014
-0.215107160060448
-0.222502375418942
-0.229403989631207
-0.235815827209803
-0.241736080299422
-0.247157308428194
-0.252066603651598
-0.256445908543010
-0.260272475124635
-0.263519453204852
-0.266156596477460
-0.268151074007891
-0.269468373322613
-0.270073279256286
-0.269930910098775
-0.269007789600921
-0.267272930288757
-0.264698900600455
-0.261262845933194
-0.256947432114851
-0.251741679428414
-0.245641656395872
-0.238651005274994
-0.230781275725811
-0.222052049318877
-0.212490845291710
-0.202132806870007
-0.191020177081509
-0.179201582723986
-0.166731154369803
-0.153667518360275
-0.140072703083958
-0.126011005978003
-0.111547869336467
-0.0967488120397222
-0.0816784608238866
-0.0663997189661290
-0.0509731027074121
-0.0354562669154968
-0.0199037320087938
-0.00436681460990096
0.0111062446864599
0.0264699712290448
0.0416811856797857
0.0566984002011002
0.0714811129961940
0.0859890355575801
0.100181288594558
0.114015603213788
0.127447563718383
0.140429927546760
0.152912056519212
0.164839491755880
0.176153702356965
0.186792035101120
0.196687888863293
0.205771132976226
0.213968783140677
0.221205941525657
0.227406999247341
0.232497089428219
0.236403767613801
0.239058883737486
0.240400596555070
0.240375468212583
0.238940564260566
0.236065474040919
0.231734159096580
0.225946534226124
0.218719688026955
0.210088657970205
0.200106689545916
0.188844929602370
0.176391529877451
0.162850166478495
0.148338012769912
0.132983234446032
0.116922103996142
0.100295854895195
0.0832474116249828
0.0659181386081174
0.0484447486786266
0.0309565000609235
0.0135727910873078
-0.00359876411519489
-0.0204637256585665
-0.0369416616174056
-0.0529664335512183
-0.0684859687612403
-0.0834615760824145
-0.0978668779002931
-0.111686440641180
-0.124914189458814
-0.137551690961344
-0.149606381647468
-0.161089810476133
-0.172015952923702
-0.182399642126451
-0.192255151217705
-0.201594950466653
-0.210428653782416
-0.218762161800269
-0.226597003154329
-0.233929871538107
-0.240752353521377
-0.247050840516138
-0.252806617418225
-0.257996119944978
-0.262591352217364
-0.266560455416357
-0.269868417157660
-0.272477909430157
-0.274350240466181
-0.275446402780805
-0.275728195946796
-0.275159398665008
-0.273706960631507
-0.271342180943105
-0.268041836719713
-0.263789223667351
-0.258575069854500
-0.252398285360563
-0.245266513913832
-0.237196458261932
-0.228213958736901
-0.218353814030424
-0.207659344137389
-0.196181707149200
-0.183978993350127
-0.171115131095838
-0.157658648446308
-0.143681341782845
-0.129256907115576
-0.114459591149332
-0.0993629173371530
-0.0840385372819551
-0.0685552503532904
-0.0529782248626754
-0.0373684433055653
-0.0217823827985850
-0.00627193065707155
0.00911547528158896
0.0243365009751285
0.0393513918303257
0.0541233018644076
0.0686175121928015
0.0828005766299922
0.0966394327185303
0.110100515881966
0.123148912931191
0.135747589110710
0.147856720463706
0.159433160656063
0.170430068576898
0.180796719988252
0.190478523116818
0.199417254196660
0.207551524384118
0.214817483973934
0.221149763282403
0.226482641831495
0.230751428575355
0.233894026001178
0.235852640315559
0.236575589073550
0.236019147169597
0.234149362882157
0.230943768541762
0.226392906299264
0.220501589269557
0.213289822711622
0.204793319298870
0.195063556980400
0.184167347034196
0.172185902790057
0.159213424821731
0.145355244471745
0.130725592445421
0.115445080913786
0.0996380042852791
0.0834295741003586
0.0669432064729436
0.0502979759055537
0.0336063375890017
0.0169722025483816
0.000489427809226450
-0.0157592409553287
-0.0317027620594552
-0.0472819373219577
-0.0624491309215154
-0.0771676167571473
-0.0914106153885756
-0.105160088573164
-0.118405361674910
-0.131141642423877
-0.143368499504830
-0.155088357208298
-0.166305053836297
-0.177022502574865
-0.187243484829337
-0.196968598083402
-0.206195373513754
-0.214917573011675
-0.223124670918292
-0.230801522534078
-0.237928219089795
-0.244480127085025
-0.250428108409854
-0.255738916168854
-0.260375759359230
-0.264299027304404
-0.267467161866529
-0.269837661898364
-0.271368200181108
-0.272017828367330
-0.271748240442978
-0.270525060270057
-0.268319114279474
-0.265107646811402
-0.260875433426126
-0.255615747182240
-0.249331134779652
-0.242033963843493
-0.233746709565281
-0.224501958296007
-0.214342117156580
-0.203318831727847
-0.191492127650028
-0.178929305606774
-0.165703631739961
-0.151892876112607
-0.137577759605849
-0.122840374003380
-0.107762640655656
-0.0924248700038603
-0.0769044776655406
-0.0612749032981044
-0.0456047668318280
-0.0299572837955371
-0.0143899482714030
0.00104552062147283
0.0163029841698377
0.0313414664203911
0.0461245458080948
0.0606195935378616
0.0747968991369616
0.0886287245923873
0.102088327882174
0.115148994890880
0.127783116054506
0.139961340954419
0.151651840745152
0.162819704937401
0.173426495746304
0.183429979942174
0.192784054809941
0.201438881274994
0.209341233289918
0.216435067992747
0.222662315759312
0.227963882951711
0.232280852869273
0.235555862209856
0.237734621456158
0.238767538372183
0.238611394736093
0.237231018188602
0.234600884380962
0.230706580247968
0.225546057968301
0.219130611652695
0.211485515463754
0.202650272874203
0.192678441910107
0.181637019903967
0.169605392508749
0.156673874165984
0.142941889306387
0.128515863616731
0.113506911127999
0.0980284143044297
0.0821935997777008
0.0661132114245224
0.0498933752489699
0.0336337376789210
0.0174259415725867
0.00135248395076604
-0.0145140221115534
-0.0301111802306886
-0.0453867562958091
-0.0602982714945357
-0.0748122900312206
-0.0889034573024815
-0.102553348724361
-0.115749190118812
-0.128482508174879
-0.140747764753639
-0.152541022500898
-0.163858682123687
-0.174696324429085
-0.185047683328023
-0.194903769822578
-0.204252161712556
-0.213076469419130
-0.221355984850478
-0.229065517453339
-0.236175419269002
-0.242651798673930
-0.248456920262048
-0.253549785769535
-0.257886887853027
-0.261423124776316
-0.264112859594008
-0.265911102298243
-0.266774787780557
-0.266664116629314
-0.265543920110452
-0.263385005626907
-0.260165435036837
-0.255871685964277
-0.250499646155533
-0.244055393425652
-0.236555719059523
-0.228028360738967
-0.218511921979620
-0.208055468243436
-0.196717804660273
-0.184566455752854
-0.171676382679266
-0.158128487199791
-0.144007962808015
-0.129402561367269
-0.114400847542865
-0.0990905130229282
-0.0835568180341416
-0.0678812193913458
-0.0521402329793184
-0.0364045650790597
-0.0207385323656461
-0.00519977577411257
0.0101607402854193
0.0252984638989644
0.0401747571076110
0.0547562003728457
0.0690137421843322
0.0829217381257597
0.0964569237802220
0.109597364235131
0.122321420105369
0.134606766386507
0.146429496474197
0.157763339649965
0.168579016441120
0.178843752607469
0.188520969081140
0.197570161891569
0.205946982782670
0.213603527670011
0.220488836077690
0.226549600040489
0.231731075509038
0.235978182982967
0.239236776952102
0.241455055904203
0.242585076451532
0.242584326966585
0.241417308553994
0.239057064871071
0.235486597946232
0.230700105423745
0.224703976192985
0.217517486583680
0.209173148426598
0.199716673186453
0.189206532617506
0.177713115167746
0.165317497542071
0.152109871068122
0.138187681307343
0.123653555258159
0.108613102221723
0.0931726809771719
0.0774372268056831
0.0615082270700217
0.0454819239576401
0.0294478085374149
0.0134874527099650
-0.00232629360538317
-0.0179297321219597
-0.0332683829767665
-0.0482967148624042
-0.0629775774651068
-0.0772813843568716
-0.0911851000044038
-0.104671086630751
-0.117725865765020
-0.130338846064500
-0.142501064083111
-0.154203978771114
-0.165438354231445
-0.176193259119878
-0.186455205411846
-0.196207444274985
-0.205429432552269
-0.214096479826130
-0.222179583054037
-0.229645453130062
-0.236456735186926
-0.242572421753255
-0.247948454785868
-0.252538508916827
-0.256294943869716
-0.259169908877800
-0.261116576153205
-0.262090474199796
-0.262050885339503
-0.260962265647131
-0.258795640065853
-0.255529921365017
-0.251153099375103
-0.245663247119962
-0.239069293485557
-0.231391518171841
-0.222661733900311
-0.212923132961466
-0.202229789671259
-0.190645826384822
-0.178244267390325
-0.165105621134427
-0.151316245631547
-0.136966563477177
-0.122149200707804
-0.106957127206431
-0.0914818751868059
-0.0758119066353786
-0.0600311909594421
-0.0442180413102694
-0.0284442431711752
-0.0127744929788964
0.00273385107513147
0.0180307183209075
0.0330729995980605
0.0478239803969894
0.0622525745653615
0.0763324041322024
0.0900407723376375
0.103357576280947
0.116264203204348
0.128742450838306
0.140773507944619
0.152337026634403
0.163410313537501
0.173967662671131
0.183979848994502
0.193413798131143
0.202232444488816
0.210394786838238
0.217856147114964
0.224568634560389
0.230481813111541
0.235543565025009
0.239701137991181
0.242902356471982
0.245096970806016
0.246238110025788
0.246283796709658
0.245198475052230
0.242954497283111
0.239533509249465
0.234927674055587
0.229140673705864
0.222188433164220
0.214099519345997
0.204915179239552
0.194688996238601
0.183486161146661
0.171382373184609
0.158462405449985
0.144818387269471
0.130547871380978
0.115751765645998
0.100532216069104
0.0849905297174924
0.0692252225684136
0.0533302687127383
0.0373936144810969
0.0214960050436945
0.00571015318372814
-0.00989973835976005
-0.0252781070360997
-0.0403778346665072
-0.0551597599403200
-0.0695919429587877
-0.0836487316124093
-0.0973096823684754
-0.110558387963751
-0.123381262091830
-0.135766327074087
-0.147702045340428
-0.159176229897748
-0.170175063305653
-0.180682249359069
-0.190678316908192
-0.200140091108200
-0.209040343848554
-0.217347632034572
-0.225026329585079
-0.232036856233045
-0.238336103225580
-0.243878052587916
-0.248614582561416
-0.252496447036338
-0.255474411256415
-0.257500519862289
-0.258529466672890
-0.258520028805965
-0.257436521253078
-0.255250222382517
-0.251940716634816
-0.247497098497147
-0.241918982241689
-0.235217265319170
-0.227414599961327
-0.218545537473103
-0.208656322616615
-0.197804330836924
-0.186057158011036
-0.173491389845034
-0.160191094788746
-0.146246099140229
-0.131750114724829
-0.116798797222865
-0.101487816271635
-0.0859110166583678
-0.0701587434413533
-0.0543163932720883
-0.0384632404504962
-0.0226715704591959
-0.00700613711836284
0.00847605672382823
0.0237256698479164
0.0387006521005961
0.0533656298164995
0.0676910911820015
0.0816524192798174
0.0952288216344167
0.108402203899006
0.121156032418186
0.133474226325089
0.145340115112558
0.156735492700520
0.167639794244010
0.178029417504274
0.187877206633400
0.197152112684480
0.205819041945455
0.213838900129042
0.221168837315707
0.227762695112223
0.233571653542209
0.238545070560192
0.242631501681678
0.245779881047719
0.247940838407064
0.249068119239324
0.249120067923811
0.248061126961964
0.245863299361853
0.242507517020080
0.237984855921203
0.232297539786402
0.225459677876228
0.217497690219221
0.208450384565579
0.198368663516507
0.187314856901666
0.175361692623208
0.162590937678044
0.149091758598033
0.134958865786437
0.120290517976870
0.105186470349403
0.0897459521192659
0.0740657565068916
0.0582385181918144
0.0423512413488811
0.0264841261973449
0.0107097249097335
-0.00490755994728143
-0.0203116382684753
-0.0354545756321358
-0.0502961486221843
-0.0648031535656944
-0.0789485163184261
-0.0927102538936075
-0.106070339082352
-0.119013517265860
-0.131526120963320
-0.143594922900818
-0.155206063083474
-0.166344079969995
-0.176991070730986
-0.187126000933153
-0.196724179916952
-0.205756914596154
-0.214191351282095
-0.221990512232905
-0.229113530719022
-0.235516085240466
-0.241151029906230
-0.245969213714912
-0.249920476451997
-0.252954803130218
-0.255023612442671
-0.256081147792699
-0.256085932452926
-0.255002243745237
-0.252801555373488
-0.249463892786916
-0.244979044316684
-0.239347571367549
-0.232581564595519
-0.224705100004643
-0.215754359246104
-0.205777391805528
-0.194833512620121
-0.182992346092532
-0.170332545349961
-0.156940232682588
-0.142907222108339
-0.128329096778178
-0.113303221515552
-0.0979267735675856
-0.0822948724323980
-0.0664988826434174
-0.0506249522670962
-0.0347528355630040
-0.0189550319428722
-0.00329625631538877
0.0121667606576630
0.0273851588733059
0.0423175507740362
0.0569293778407898
0.0711920670293664
0.0850820361417666
0.0985795979278386
0.111667811232578
0.124331324298141
0.136555250975290
0.148324115635927
0.159620897461279
0.170426199851325
0.180717566176826
0.190468959068028
0.199650416883556
0.208227897816037
0.216163319086538
0.223414795636277
0.229937079407964
0.235682196504467
0.240600275048332
0.244640551341715
0.247752535936674
0.249887314575714
0.250998951880579
0.251045958507054
0.249992775713991
0.247811225476844
0.244481870027297
0.239995222640266
0.234352752180357
0.227567627794075
0.219665157428354
0.210682884550012
0.200670321217051
0.189688311884790
0.177808040102090
0.165109708421640
0.151680939131782
0.137614958517156
0.123008639086652
0.107960481626226
0.0925686214457395
0.0769289406136096
0.0611333605697462
0.0452683779416479
0.0294138916566674
0.0136423527571984
-0.00198174902017939
-0.0174020646022496
-0.0325702486770717
-0.0474455369620759
-0.0619940777085646
-0.0761880639570822
-0.0900047164076672
-0.103425167343292
-0.116433294330907
-0.129014548997513
-0.141154821629913
-0.152839377223830
-0.164051893369865
-0.174773625352748
-0.184982719270848
-0.194653689942982
-0.203757076833795
-0.212259288078901
-0.220122639740090
-0.227305594443070
-0.233763200307619
-0.239447727353435
-0.244309494179646
-0.248297872569240
-0.251362451752245
-0.253454337475783
-0.254527554000322
-0.254540510019843
-0.253457482754623
-0.251250068647401
-0.247898544821267
-0.243393083350245
-0.237734761012683
-0.230936310979656
-0.223022570076123
-0.214030585828326
-0.204009361168061
-0.193019230786357
-0.181130880810417
-0.168424041583502
-0.154985900584105
-0.140909297633604
-0.126290776326373
-0.111228573126725
-0.0958206282096207
-0.0801626996879300
-0.0643466556145569
-0.0484590067258851
-0.0325797282883293
-0.0167814028242226
-0.00112869821569095
0.0143218210438200
0.0295215667854239
0.0444295142815073
0.0590115432291551
0.0732395788067028
0.0870905824396753
0.100545442567382
0.113587814062287
0.126202951591272
0.138376577709363
0.150093821388844
0.161338257468848
0.172091072506613
0.182330377937976
0.192030687402127
0.201162571531670
0.209692500338104
0.217582880351110
0.224792290673666
0.231275918858816
0.236986193779427
0.241873608277155
0.245887719238120
0.248978306841973
0.251096668170114
0.252197013361525
0.252237925419805
0.251183838065231
0.249006480246176
0.245686231686224
0.241213331761381
0.235588884634619
0.228825607354906
0.220948274793012
0.211993825822681
0.202011108755130
0.191060260082848
0.179211728185091
0.166544971663134
0.153146879141949
0.139109972409758
0.124530466490282
0.109506267714374
0.0941349934780858
0.0785120949555944
0.0627291568221038
0.0468724366833607
0.0310216923822700
0.0152493288546693
-0.000380120984095622
-0.0158101834887627
-0.0309923168744091
-0.0458854989600558
-0.0604555695404888
-0.0746743733710352
-0.0885187531878907
-0.101969442865248
-0.115009909207315
-0.127625187554584
-0.139800751934006
-0.151521455444834
-0.162770571401831
-0.173528960796846
-0.183774387102819
-0.193480995420389
-0.202618969432644
-0.211154376471572
-0.219049208025823
-0.226261620008651
-0.232746373821706
-0.238455475475916
-0.243339005592356
-0.247346127902330
-0.250426257889213
-0.252530366570161
-0.253612387331044
-0.253630686557284
-0.252549552015090
-0.250340647095364
-0.246984374753919
-0.242471092889495
-0.236802123559305
-0.229990502277282
-0.222061420911180
-0.213052328374949
-0.203012667086749
-0.192003239405537
-0.180095216055914
-0.167368816756240
-0.153911710596019
-0.139817198862577
-0.125182254805194
-0.110105502298719
-0.0946852179280169
-0.0790174384761312
-0.0631942484184324
-0.0473023104665579
-0.0314216874658903
-0.0156249872417296
2.31553895070347e-05
0.0154662620299653
0.0306558772632455
0.0455511487716018
0.0601181610827939
0.0743290695007981
0.0881610841455535
0.101595354612743
0.114615804052482
0.127207958031648
0.139357808981358
0.151050751888004
0.162270621624419
0.172998857281534
0.183213814266648
0.192890240872113
0.201998932464052
0.210506573278035
0.218375772852162
0.225565301153092
0.232030523220493
0.237724030451509
0.242596461295073
0.246597499023198
0.249677028382335
0.251786426403433
0.252879955686400
0.252916221419862
0.251859646710817
0.249681915033838
0.246363324374499
0.241893995549601
0.236274877794981
0.229518498451986
0.221649410695851
0.212704303721121
0.202731753326973
0.191791606819431
0.179954013673777
0.167298131355747
0.153910552824413
0.139883517249933
0.125312977202338
0.110296603062509
0.0949318080729599
0.0793138750920733
0.0635342589798875
0.0476791272689602
0.0318281873306394
0.0160538318235405
0.000420617082198593
-0.0150149275006587
-0.0302041760574041
-0.0451059983562985
-0.0596861066755643
-0.0739162032126719
-0.0877729772750324
-0.101237002219654
-0.114291580550956
-0.126921582310715
-0.139112317483882
-0.150848478139695
-0.162113180884086
-0.172887135257946
-0.183147959191045
-0.192869658603059
-0.202022284708178
-0.210571779412448
-0.218480016209390
-0.225705040955691
-0.232201513609454
-0.237921348220784
-0.242814544006314
-0.246830195114264
-0.249917660688667
-0.252027870175734
-0.253114731711252
-0.253136604240170
-0.252057787218823
-0.249849975900466
-0.246493625925674
-0.241979168853983
-0.236308020947118
-0.229493331383206
-0.221560423384016
-0.212546892455134
-0.202502339754290
-0.191487734887728
-0.179574420270779
-0.166842787427314
-0.153380672957376
-0.139281537068189
-0.124642499349673
-0.109562313933895
-0.0941393687086635
-0.0784697906780364
-0.0626457321362623
-0.0467539007144768
-0.0308743815720006
-0.0150797832533410
0.000565278680973558
0.0160043629673081
0.0311890667721374
0.0460786031921170
0.0606391323333828
0.0748428926448834
0.0886671825295660
0.102093242817977
0.115105088950788
0.127688338257940
0.139829073136643
0.151512775768988
0.162723364743685
0.173442358900157
0.183648189113018
0.193315674670291
0.202415677345469
0.210914943104316
0.218776138436594
0.225958085335284
0.232416195724512
0.238103102443027
0.242969479548614
0.246965039616359
0.250039689850272
0.252144822312846
0.253234706623392
0.253267946428335
0.252208954265658
0.250029393683423
0.246709533236533
0.242239454889701
0.236620059954685
0.229863819418504
0.221995222616455
0.213050888658153
0.203079318523816
0.192140281703290
0.180303848759426
0.167649099138973
0.154262550668830
0.140236372182407
0.125666452446169
0.110650406060261
0.0952855996879132
0.0796672796330068
0.0638868746710203
0.0480305367862666
0.0321779680464213
0.0164015654402716
0.000765898390255315
-0.0146724829435770
-0.0298649254598468
-0.0447702665072988
-0.0593541820452724
-0.0735883352913455
-0.0874493750592389
-0.100917833723097
-0.113976973197706
-0.126611624059986
-0.138807058536521
-0.150547933085305
-0.161817331162332
-0.172595931825999
-0.182861325309517
-0.192587492673552
-0.201744463115347
-0.210298159341273
-0.218210438423380
-0.225439332533480
-0.231939490645450
-0.237662818500136
-0.242559309665383
-0.246578055295511
-0.249668414193489
-0.251781318110966
-0.252870680115309
-0.252894866664028
-0.251818187225785
-0.249612349438286
-0.246257823515562
-0.241745057534841
-0.236075485910319
-0.229262277234418
-0.221330774974448
-0.212318595234843
-0.202275359615096
-0.191262057481875
-0.179350049812662
-0.166619745008236
-0.153158994425730
-0.139061270547786
-0.124423702486213
-0.109345050971815
-0.0939237075072286
-0.0782557997763400
-0.0624334779712088
-0.0465434450851223
-0.0306657794283649
-0.0148730808694509
0.000770045109987350
0.0162071682842820
0.0313898973723096
0.0462774571086834
0.0608360189235727
0.0750378319160922
0.0888602041517848
0.102284384872180
0.115294396463617
0.127875861571483
0.140014866159157
0.151696894148639
0.162905864003403
0.173623292568225
0.183827606881102
0.193493620608897
0.202592188206092
0.211090046737933
0.218949852359408
0.226130415474547
0.232587135379252
0.238272631496424
0.243137563969679
0.247131631288342
0.250204726760951
0.252308229137437
0.253396395723509
0.253427819280421
0.252366903319339
0.250185304634622
0.246863287682580
0.242390933314748
0.236769144974749
0.230010399197368
0.222139194348321
0.213192162001337
0.203217818863398
0.192275953120416
0.180436656591394
0.167779032027535
0.154389622013604
0.140360620940954
0.125787943250622
0.110769228650311
0.0954018676895334
0.0797811287393006
0.0639984603042494
0.0481400313371184
0.0322855577967202
0.0165074472786808
0.000870276427201333
-0.0145694007647262
-0.0297629306719697
-0.0446691532825310
-0.0592537501635265
-0.0734883928843280
-0.0873497411168257
-0.100818340363415
-0.113877467713506
-0.126511970761493
-0.138707140414705
-0.150447653319539
-0.161716614492982
-0.172494725806063
-0.182759601440593
-0.192485247420723
-0.201641718783842
-0.210194964785626
-0.218106869548013
-0.225335492533120
-0.231835509925178
-0.237558854209082
-0.242455544775902
-0.246474697161799
-0.249565692530663
-0.251679482348060
-0.252769996093669
-0.252795612675779
-0.251720649415369
-0.249516816621824
-0.246164581507072
-0.241654383102722
-0.235987640520191
-0.229177500762330
-0.221249279595420
-0.212240559703533
-0.202200924155607
-0.191191319491916
-0.179283060562780
-0.166556507480589
-0.153099462390740
-0.139005348923932
-0.124371248971417
-0.109295878878781
-0.0938775896832955
-0.0782124734446851
-0.0623926502976518
-0.0465047992548334
-0.0306289810107115
-0.0148377842561307
0.000804190389566584
0.0162405115383987
0.0314227811464974
0.0463102121048976
0.0608689594960455
0.0750712521649883
0.0888943746042803
0.102319549715176
0.115330771273900
0.127913631478010
0.140054184368122
0.151737880764427
0.162948605086641
0.173667839384681
0.183873975311204
0.193541790705789
0.202642103909381
0.211141615769389
0.219002946344842
0.226184870351779
0.232642752164600
0.238329177490353
0.243194774485380
0.247189211984267
0.250262356648964
0.252365564321966
0.253453073903840
0.253483465018384
0.252421134038931
0.250237737280197
0.246913545919775
0.242438655116153
0.236813990392972
0.230052058095204
0.222177393831753
0.213226673289342
0.203248463330761
0.192302607267421
0.180459255727427
0.167797572502854
0.154404161892548
0.140371279076930
0.125794896793685
0.110772709087445
0.0954021555804161
0.0797785473625483
0.0639933684671133
0.0481328156231526
0.0322766245306865
0.0164972144762664
0.000859165971165032
-0.0145809705173576
-0.0297745516917871
-0.0446804339671073
-0.0592643206708639
-0.0734979096818211
-0.0873578907660227
-0.100824842591839
-0.113882077846996
-0.126514481603628
-0.138707383664200
-0.150445500613012
-0.161711978150199
-0.172487559339236
-0.182749899869813
-0.192473047415735
-0.201627098629444
-0.210178044145426
-0.218087808980307
-0.225314492694499
-0.231812810383249
-0.237534731776532
-0.242430311274922
-0.246448696531470
-0.249539297201061
-0.251653088823648
-0.252744019715230
-0.252770481564110
-0.251696797640023
-0.249494676682868
-0.246144576264744
-0.241636917336135
-0.235973092338633
-0.229166213127794
-0.221241552239427
-0.212236641731777
-0.202201007628738
-0.191195534248193
-0.179291470508887
-0.166569108521887
-0.153116182104890
-0.139026048006219
-0.124395724401472
-0.109323868682131
-0.0939087790928718
-0.0782465022118215
-0.0624291208626846
-0.0465432854667006
-0.0306690370830227
-0.0148789536634709
0.000762366339711940
0.0161984856791183
0.0313809931398623
0.0462690819601562
0.0608288819783458
0.0750325921057032
0.0888574630814020
0.102284681038656
0.115298200687170
0.127883573473426
0.140026811510125
0.151713322918874
0.162926948966529
0.173649128339876
0.183858209311230
0.193528926488454
0.202632055292711
0.211134254148438
0.218998101417234
0.226182331135007
0.232642268383135
0.238330461420341
0.243197503348252
0.247193030977228
0.250266882689243
0.252370390562915
0.253457775054286
0.253487603462608
0.252424266714662
0.250239423227332
0.246913354365738
0.242436173917815
0.236808834612652
0.230043878453636
0.222165884756639
0.213211580267772
0.203229589279175
0.192279817655532
0.180432482231777
0.167766815020613
0.154369488813347
0.140332825785736
0.125752862456111
0.110727351844749
0.0953537863494318
0.0797275224911427
0.0639400815349567
0.0480776886982070
0.0322200991936583
0.0164397429090186
0.000801202373593213
-0.0146389779610583
-0.0298321681278003
-0.0447372443525821
-0.0593199353593436
-0.0735519691020733
-0.0874100692253756
-0.100874851268747
-0.113929667061210
-0.126559442465910
-0.138749549211558
-0.150484746530890
-0.161748223171429
-0.172520765392298
-0.182780072027753
-0.192500233673533
-0.201651389513228
-0.210199572133075
-0.218106747691037
-0.225331055786205
-0.231827250081701
-0.237547336951162
-0.242441404972729
-0.246458632884291
-0.249548457632651
-0.251661877502087
-0.252752858222777
-0.252779802790404
-0.251707038944266
-0.249506272414614
-0.246157949778863
-0.241652472682512
-0.235991205848204
-0.229187225149870
-0.221265759307900
-0.212264289446709
-0.202232284533010
-0.191230566955139
-0.179330320296430
-0.166611769553591
-0.153162581371114
-0.139076047003806
-0.124449122493133
-0.109380408002269
-0.0939681508004732
-0.0783083538376362
-0.0624930644610180
-0.0466089062633859
-0.0307359023112990
-0.0149466212971018
0.000694339214046047
0.0161305350640262
0.0313135410664701
0.0462025302723863
0.0607636070169691
0.0749689402980789
0.0887957474012796
0.102225178267843
0.115241149388164
0.127829172569362
0.139975219364979
0.151664656815733
0.162881284893501
0.173606501010284
0.183818612365541
0.193492312848370
0.202598337661549
0.211103305674931
0.218969756561097
0.226156386790733
0.232618485332573
0.238308566193761
0.243177190576875
0.247173966316895
0.250248706384708
0.252352721704624
0.253440216554839
0.253469747748809
0.252405702094129
0.250219740847776
0.246892155642444
0.242413078262702
0.236783487260459
0.230015958149314
0.222135111046890
0.213177720131134
0.203192462835097
0.192239302714419
0.180388517485283
0.167719401722218
0.154318690861359
0.140278768190054
0.125695728241747
0.110667377514138
0.0952912560872352
0.0796627613449604
0.0638734478400723
0.0480095660323881
0.0321508881482746
0.0163698529469782
0.000731044014601778
-0.0147090004280107
-0.0299016632522687
-0.0448058393487792
-0.0593872810979536
-0.0736177442605605
-0.0874739836282971
-0.100936648480035
-0.113989126311673
-0.126616380011295
-0.138803819219869
-0.150536241593321
-0.161796874520497
-0.172566542895003
-0.182822984002314
-0.192540326556963
-0.201688747385000
-0.210234316078756
-0.218139034970158
-0.225361078751749
-0.231855234785678
-0.237573541362357
-0.242466116729890
-0.246482166511323
-0.249571151152275
-0.251684088401092
-0.252774958745386
-0.252802174565848
-0.251730066989251
-0.249530338589840
-0.246183425818512
-0.241679712954902
-0.236020540040943
-0.229218951101758
-0.221300136228959
-0.212301531775017
-0.202272556670425
-0.191273979102766
-0.179376925575123
-0.166661562546181
-0.153215498164335
-0.139131966742677
-0.124507870393236
-0.109441759700806
-0.0940318378697787
-0.0783740702388199
-0.0625604736838212
-0.0466776488827578
-0.0308056036918652
-0.0150168991927234
0.000623867389499488
0.0160602454796370
0.0312437973709249
0.0461336782366598
0.0606959699689192
0.0749028153523849
0.0887314024520800
0.102162849683237
0.115181040326170
0.127771451823995
0.139920020648318
0.151612078386180
0.162831389450742
0.173559315792315
0.183774129401160
0.193450489338404
0.202559096482505
0.211066536018593
0.218935314741769
0.226124097267368
0.232588142005101
0.238279934040663
0.243150007703866
0.247147946483757
0.250223542068575
0.252328087743050
0.253415774391053
0.253445150274983
0.252380599057223
0.250193784748082
0.246865008018810
0.242384416223218
0.236753010085281
0.229983393766229
0.222100222162633
0.213140309794501
0.203152379213518
0.192196442884325
0.180342830068206
0.167670888242049
0.154267405750696
0.140224817432179
0.125639266695335
0.110608605025959
0.0952304125499464
0.0796001208987709
0.0638093124459869
0.0479442586592721
0.0320847458158890
0.0163032198532464
0.000664264949690907
-0.0147755862127921
-0.0299677275931414
-0.0448710700507794
-0.0594513861057370
-0.0736804551139280
-0.0875350582302664
-0.100995873230885
-0.114046317680239
-0.126671385624842
-0.138856518556609
-0.150586546357878
-0.161844728773469
-0.172611922994445
-0.182865898398761
-0.192580815465650
-0.201726882340578
-0.210270199359756
-0.218172798864156
-0.225392884618050
-0.231885271861539
-0.237602025251801
-0.242493287511794
-0.246508286406253
-0.249596501695638
-0.251708967084089
-0.252799675104580
-0.252827045726608
-0.251755412697044
-0.249556475794922
-0.246210662912683
-0.241708343791022
-0.236050837895209
-0.229251162762190
-0.221334476409402
-0.212338178059712
-0.202311645188584
-0.191315601114953
-0.179421125123602
-0.166708335281183
-0.153264791409596
-0.139183680809696
-0.124561861098106
-0.109497841984260
-0.0940897903738927
-0.0784336406560851
-0.0626213846683108
-0.0467396043005033
-0.0308682949882950
-0.0150800116684632
0.000560648579098988
0.0159972297536412
0.0311812836956892
0.0460719507181789
0.0606352941019727
0.0748434349287441
0.0886735371003101
0.102106692989376
0.115126758468466
0.127719182645911
0.139869873091767
0.151564132210571
0.162785695171931
0.173515894787835
0.183732974142979
0.193411563730822
0.202522336299615
0.211031849452042
0.218902583084451
0.226093175771516
0.232558860963055
0.238252100143005
0.243123405731863
0.247122341390760
0.250198681497837
0.252303705017192
0.253391591991271
0.253420883806320
0.252355961670824
0.250168491962983
0.246838782856565
0.242356994539843
0.236724145958817
0.229952864777132
0.222067834389799
0.213105902344358
0.203115828104171
0.192157664122159
0.180301781780369
0.167627571763703
0.154221865608992
0.140177140216724
0.125589578854359
0.110557069674881
0.0951772254212468
0.0795455055959504
0.0637535151879184
0.0478875427129337
0.0320273858152603
0.0162454961905866
0.000606458404426580
-0.0148331994708020
-0.0300248805221265
-0.0449275087084912
-0.0595068730390806
-0.0737347721633078
-0.0875880087718219
-0.101047283900590
-0.114096039638396
-0.126719295427655
-0.138902518703691
-0.150630565581452
-0.161886722127523
-0.172651871791239
-0.182903810026791
-0.192616723108650
-0.201760844602023
-0.210302299782834
-0.218203145323706
-0.225421608549649
-0.231912527283991
-0.237627987533714
-0.242518151830995
-0.246532265852898
-0.249619824976667
-0.251731875797749
-0.252822420569490
-0.252849885369603
-0.251778606027329
-0.249580280017606
-0.246235328261522
-0.241734108686274
-0.236077924055988
-0.229279770421963
-0.221364779795811
-0.212370321304685
-0.202345738830133
-0.191351719337710
-0.179459303861099
-0.166748571270441
-0.153307042249076
-0.139227866028133
-0.124607864196741
-0.109545513371854
-0.0941389510757745
-0.0784840866479230
-0.0626728916643408
-0.0467919328156966
-0.0309211954946380
-0.0151332296763744
0.000507367663623914
0.0159441361195106
0.0311286190578878
0.0460199447509084
0.0605841614038650
0.0747933725219474
0.0886247224411068
0.102059282449229
0.115080886231339
0.127674959960463
0.139827387815190
0.151523448583785
0.162746853772767
0.173478912618755
0.183697844821935
0.193378257767099
0.202490801450106
0.211002011166631
0.218874345061223
0.226066420652836
0.232533451211643
0.238227879142145
0.243100199155840
0.247099958889699
0.250176918735290
0.252282346089015
0.253370412240311
0.253399653030014
0.252334447698070
0.250146464553898
0.246816017854916
0.242333278184702
0.236699279240917
0.229926667708157
0.222040150041412
0.213076600509299
0.203084808435455
0.192124858619039
0.180267156510603
0.167591127740456
0.154183638775509
0.140137200530624
0.125548028503333
0.110514040493999
0.0951328756161669
0.0795000159037710
0.0637070846263458
0.0478403840779293
0.0319797210870463
0.0161975519986277
0.000558461684907752
-0.0148810255144038
-0.0300723200715484
-0.0449743565406178
-0.0595529372653135
-0.0737798764956565
-0.0876319943345079
-0.101090010622812
-0.114137387275643
-0.126759164265526
-0.138940829999952
-0.150667261799529
-0.161921767008566
-0.172685250303068
-0.182935528217348
-0.192646807879746
-0.201789343407003
-0.210329280239988
-0.218228694726456
-0.225445833245250
-0.231935551885370
-0.237649953924531
-0.242539217922316
-0.246552604051829
-0.249639620332469
-0.251751323800116
-0.252841724586337
-0.252869253727675
-0.251798248757724
-0.249600405309157
-0.246256138686389
-0.241755797283354
-0.236100670376741
-0.229303736658804
-0.221390107123428
-0.212397126568578
-0.202374111712979
-0.191381720122527
-0.179490961890994
-0.166781884178216
-0.153341975998316
-0.139264355772025
-0.124645815924513
-0.109584806277883
-0.0941794405554836
-0.0785256077998856
-0.0627152631609613
-0.0468349609965584
-0.0309646785370865
-0.0151769617066558
0.000463592639579069
0.0159005205655007
0.0310853586124573
0.0459772253376237
0.0605421567713523
0.0747522422152439
0.0885846101863972
0.102020314918805
0.115043172145069
0.127638589474191
0.139792432144972
0.151489959817288
0.162714864824680
0.173448437295157
0.183668877968284
0.193350775485240
0.202464761380739
0.210977352844366
0.218850990359131
0.226044274341828
0.232512401666423
0.238207799229777
0.243080947344339
0.247081380612607
0.250158848043508
0.252264607613048
0.253352823474891
0.253382026938734
0.252316595618893
0.250128199367903
0.246797157361289
0.242313648605988
0.236678718765484
0.229905029962764
0.222017307377462
0.213052446982550
0.203059262362279
0.192097864602077
0.180238686844054
0.167561183128378
0.154152248324825
0.140104421012012
0.125513942905694
0.110478755929372
0.0950965206597305
0.0794627374759141
0.0636690445392125
0.0478017553765671
0.0319406843151263
0.0161582915112081
0.000519162116813909
-0.0149201825346412
-0.0301111588939313
-0.0450127101067990
-0.0595906493397444
-0.0738168035124990
-0.0876680068754919
-0.101124994554970
-0.114171244587375
-0.126791813644829
-0.138972207200066
-0.150697319835206
-0.161950476221232
-0.172712598325979
-0.182961519863130
-0.192671464963038
-0.201812704505088
-0.210351400384604
-0.218249645011202
-0.225465700325433
-0.231954437341355
-0.237667973455804
-0.242556500338348
-0.246569290027084
-0.249655860897414
-0.251767278547375
-0.252857559581502
-0.252885139127419
-0.251814356153114
-0.249616904829036
-0.246273195913433
-0.241773570052581
-0.236119305541929
-0.229323366924919
-0.221410848051746
-0.212419073864250
-0.202397338901914
-0.191406276715131
-0.179516872114448
-0.166809146337568
-0.153370562500743
-0.139294213819632
-0.124676868851499
-0.109616955479260
-0.0942125679292755
-0.0785595786044661
-0.0627499291752415
-0.0468701638638230
-0.0310002531736736
-0.0152127396637108
0.000427779960196384
0.0158648389228927
0.0310499682277536
0.0459422785252037
0.0605077959204480