0.999995901814018	6.40270948062215e-06	-1.14456672389603e-05	-1.41835174478861e-05	1.15033779901792e-09	4.61466232512015e-05	-1.93548664373942e-05	-1.90570405013353e-05	1.23542821859372e-05	-8.61596953778191e-06	-1.01556334053262e-05	-2.10042656133559e-05	-3.25526750209617e-05	-1.51743218748348e-05	0.000161007107381300	-2.21853322050706e-05	-1.33128776105242e-05	6.52770798264409e-05	-4.89452765980926e-06	-6.97845056753117e-05	-9.51090014900681e-06	2.79331500357774e-05	-3.62139991197340e-05	2.34113415018706e-05	2.50462409896787e-05
6.40033157239180e-06	0.999989997815354	1.78789049599505e-05	2.21554227952824e-05	-1.79688992431223e-09	-7.20835972611502e-05	3.02330931724065e-05	2.97680721346069e-05	-1.92981370714435e-05	1.34586309341041e-05	1.58634037607601e-05	3.28098064819157e-05	5.08490404449886e-05	2.37031077110142e-05	-0.000251501670906028	3.46546918054275e-05	2.07954030354353e-05	-0.000101966627136429	7.64548693960720e-06	0.000109007234807167	1.48565101359417e-05	-4.36331124123508e-05	5.65682588464310e-05	-3.65700772528112e-05	-3.91236068596162e-05
-1.14393737624931e-05	1.78757130625915e-05	0.999968044088241	-3.95988080239152e-05	3.21161382585236e-09	0.000128836243888492	-5.40362787544453e-05	-5.32048687241067e-05	3.44918086035286e-05	-2.40548664471711e-05	-2.83528627756043e-05	-5.86418122997167e-05	-9.08834130714059e-05	-4.23649761813116e-05	0.000449513552006741	-6.19387937687897e-05	-3.71678942771234e-05	0.000182246468413781	-1.36649100537768e-05	-0.000194830581770359	-2.65533910102630e-05	7.79863062779791e-05	-0.000101105345484628	6.53618812093615e-05	6.99264437294826e-05
-1.41809119967910e-05	2.21595827870895e-05	-3.96133153721991e-05	0.999950910578629	3.98127493255333e-09	0.000159711818823021	-6.69859588515074e-05	-6.59554791178560e-05	4.27578381294582e-05	-2.98197345785972e-05	-3.51476292940094e-05	-7.26949976018965e-05	-0.000112663539333153	-5.25177326341335e-05	0.000557239185577852	-7.67824760207546e-05	-4.60751974514132e-05	0.000225921604548633	-1.69397257321087e-05	-0.000241521562527928	-3.29168967344089e-05	9.66757443354494e-05	-0.000125335132421613	8.10259139855424e-05	8.66843169799802e-05
-1.81984507494891e-12	2.84347798597459e-12	-5.08314712295585e-12	-6.29967714306960e-12	0.999999999200001	2.04962735164968e-11	-8.59700130116331e-12	-8.46395695988722e-12	5.48719752359792e-12	-3.82748865735654e-12	-4.51060010291403e-12	-9.32835472848623e-12	-2.00782928844964e-12	-6.07514309291370e-12	7.90295240899446e-11	-1.73880541559829e-11	8.34054841549657e-12	7.38133019137550e-11	4.26282405122387e-11	5.28855276136219e-11	1.65411829251560e-11	-3.80295206965046e-11	2.54480099479193e-11	1.18168880181299e-10	-1.28342704790995e-11
4.61344851421752e-05	-7.20914108961134e-05	0.000128873216946823	0.000159699145335662	-1.29522122173477e-08	0.999480411582514	0.000217924221460492	0.000214571767986321	-0.000139103202054100	9.70119545934996e-05	0.000114345215784159	0.000236497639022677	0.000366526322072130	0.000170854969524877	-0.00181285645655570	0.000249795120077076	0.000149895652553717	-0.000734987128848674	5.51097138048389e-05	0.000785737885581988	0.000107087868178747	-0.000314513183522291	0.000407750838195304	-0.000263600324621531	-0.000282008162344038
-1.93534931053201e-05	3.02421796070832e-05	-5.40621707528204e-05	-6.69935122163349e-05	5.43343067789767e-09	0.000217966090786074	0.999908580088454	-9.00126109823730e-05	5.83536688443015e-05	-4.06966436232557e-05	-4.79677696112493e-05	-9.92097650578493e-05	-0.000153757154398589	-7.16733734625313e-05	0.000760490191878389	-0.000104788617757395	-6.28809139268863e-05	0.000308325775566154	-2.31184347843785e-05	-0.000329615703243669	-4.49231903208452e-05	0.000131937805717839	-0.000171050705696162	0.000110579764051431	0.000118302003914276
-1.90485477166676e-05	2.97658606803730e-05	-5.32104157711113e-05	-6.59381984904460e-05	5.34784271792515e-09	0.000214532572870265	-8.99788812596894e-05	0.999911404573597	5.74341985786847e-05	-4.00553704537374e-05	-4.72122334853277e-05	-9.76476909708984e-05	-0.000151335181831066	-7.05443613644428e-05	0.000748510851046518	-0.000103138019570759	-6.18905423092604e-05	0.000303468988025322	-2.27543156819557e-05	-0.000324423496837256	-4.42155166617596e-05	0.000129859416498903	-0.000168356384251864	0.000108837965586525	0.000116438362821208
1.23546166747814e-05	-1.93058295361686e-05	3.45117188301477e-05	4.27668518538924e-05	-3.46855146765941e-09	-0.000139143567594154	5.83593896788316e-05	5.74613614162446e-05	0.999962747803202	2.59795597909945e-05	3.06209605421063e-05	6.33330244630649e-05	9.81543173950933e-05	4.57542863670038e-05	-0.000485475954203203	6.68941816681925e-05	4.01414111771646e-05	-0.000196826601930701	1.47582229553257e-05	0.000210417579583127	2.86777642458329e-05	-8.42254774122898e-05	0.000109194098292291	-7.05910410293297e-05	-7.55206907598646e-05
-8.61687859615963e-06	1.34650517385288e-05	-2.40706397891805e-05	-2.98283601290423e-05	2.41919334812161e-09	9.70477168983490e-05	-4.07038255649734e-05	-4.00774571620378e-05	2.59815973866918e-05	0.999981879567853	-2.13573688615269e-05	-4.41722790185533e-05	-6.84591757503382e-05	-3.19120233793901e-05	0.000338602333753198	-4.66563194854939e-05	-2.79972543908286e-05	0.000137279627409270	-1.02933327003442e-05	-0.000146758847933742	-2.00017101668687e-05	5.87442588939515e-05	-7.61590369339975e-05	4.92347495667983e-05	5.26730072373296e-05
-1.01505960863969e-05	1.58614259690011e-05	-2.83543899273763e-05	-3.51366497929497e-05	2.84972290703566e-09	0.000114318567813256	-4.79473788163652e-05	-4.72098544377981e-05	3.06049431652061e-05	-2.13445232382866e-05	0.999974840667452	-5.20339243119525e-05	-8.06424895470962e-05	-3.75911796574657e-05	0.000398861462313332	-5.49595612571599e-05	-3.29798421419721e-05	0.000161710608909982	-1.21251368348995e-05	-0.000172876618624184	-2.35612458711313e-05	6.91986193903398e-05	-8.97125684885492e-05	5.79968216668566e-05	6.20469619152708e-05
-2.09925643426400e-05	3.28036941035852e-05	-5.86410941102784e-05	-7.26677785838879e-05	5.89363240734401e-09	0.000236427571751336	-9.91619133092768e-05	-9.76364796321183e-05	6.32960117056211e-05	-4.41432843017577e-05	-5.20305028607888e-05	0.999892386468436	-0.000166780117951406	-7.77439705691479e-05	0.000824902310017623	-0.000113664043244037	-6.82068779998621e-05	0.000334440459778251	-2.50765273410191e-05	-0.000357533530581623	-4.87280927685537e-05	0.000143112645074078	-0.000185538445779071	0.000119945727524764	0.000128321912316314
4.15111660131882e-11	-7.14867981613516e-11	1.28709315859580e-10	1.58822467807577e-10	-1.30533535421246e-14	-5.24830337525448e-10	2.18942702052696e-10	2.10500883171359e-10	-1.35183560836248e-10	1.02838349276421e-10	1.09745498313883e-10	2.37069561141243e-10	0.999994844334730	-7.72831588791777e-08	-7.55220967501289e-08	1.26751504958301e-08	-7.08770896096048e-08	2.32760126264189e-08	7.44059641989264e-08	-5.26840878920589e-08	1.27857280668328e-07	-1.70440325426489e-08	1.33054759883687e-08	2.25356879714484e-07	1.19640378466613e-08
-6.61258130805273e-14	4.02069103144636e-15	4.49543927257492e-15	3.01622140806204e-15	1.81312554701106e-16	-1.08832772647367e-13	2.93503701357667e-14	-4.58379500522380e-14	4.84837514988045e-14	9.27405613744549e-14	-6.03137316571050e-14	2.22097450281321e-14	-7.53918966017722e-08	0.999437905436417	-7.09082922523401e-05	-5.60142571003324e-05	4.21343518614698e-05	4.57895443367794e-06	-3.82233599025969e-05	3.63831528778317e-05	-4.14662646618799e-05	1.91358300276325e-07	-3.10675842402664e-05	-0.000220709538448947	-6.37621206372008e-06
-6.60216691838733e-14	1.52313194556117e-14	-1.39510800546453e-14	-2.61995420965055e-14	2.73893264954519e-17	-1.94439783357994e-14	-6.82148626697902e-15	-7.47150028738605e-14	6.55632305784460e-14	6.79456969918198e-14	-7.20852660987117e-14	-1.51174693772597e-14	-6.83159796556502e-08	-7.57648195820875e-05	0.998762244719245	-0.000168858140520652	0.000257236765957973	-6.64885416153585e-05	0.000123705902398669	5.49213913718750e-05	0.000191790003521297	4.58299433959094e-05	8.51324501685133e-06	5.69270608515759e-05	-4.08531973867728e-06
3.64735967635154e-14	-8.12765021151528e-15	1.05367344534179e-14	1.68251663350210e-14	4.78705556594034e-16	8.15620405326316e-15	6.86369204186983e-15	4.32289513608193e-14	-3.64804212091772e-14	-3.73916539595120e-14	4.07951893784298e-14	1.01231864737624e-14	3.82560671928475e-08	-6.34529769229915e-05	-0.000133986061821858	0.998002698392804	-6.88053410158155e-05	0.000188283915979326	-7.90005757883315e-05	0.000812036895675201	-0.00129158184115282	-1.71930469075149e-05	-3.13922136850447e-05	-0.00210492260015461	-0.000109595172565591
-3.29077838589013e-14	6.59685530544674e-15	-6.59805730722063e-15	-1.26986572194548e-14	5.88304667283877e-16	-1.56824139446975e-14	-1.82750604550068e-15	-3.67579890068632e-14	3.24131479332073e-14	3.60232103941477e-14	-3.46651391619167e-14	-5.89942029580210e-15	-3.51739296396030e-08	3.81975701024828e-05	0.000349492416875787	1.50852849635741e-05	0.996658108223720	0.00118396795097122	-0.00133504045456289	0.000469355673721935	-0.00332058691738002	-0.000156514635242499	-0.000874750718852984	-0.00427758089371145	0.000120319878777372
-5.17573634021759e-15	2.05488403856793e-15	-2.30188836799796e-15	-3.64452481539162e-15	-2.78581842180807e-16	5.65012351774115e-15	-3.14422639974079e-15	-6.67341968057403e-15	5.40213417228303e-15	3.08173781995915e-15	-6.94923265473997e-15	-3.49052785991100e-15	-4.22943185705005e-09	4.47365848661509e-07	-0.000167118347948869	-9.75737393134479e-06	0.00107215485640301	0.997457677086496	0.000634970690540608	-0.000984460276851887	0.00272861125862635	0.000327463298601075	0.000543539355402971	0.00484918356530342	-0.000110283677595855
6.96590932555414e-14	-1.74576774902389e-14	1.92196577284595e-14	3.26939833918256e-14	5.01916542156525e-16	6.16566929339554e-15	1.32959494917770e-14	8.26465620144891e-14	-7.13628908908519e-14	-6.86853532800183e-14	7.84961676188857e-14	2.25486545906655e-14	7.13218789669435e-08	-2.51956664702977e-05	0.000182896535543305	-0.000131255280592231	-0.00146102979374823	0.000665429956710379	0.996451303719956	-0.00120572206382171	-0.00395623973468993	-5.08139182491334e-05	0.000129114761295371	-6.01961630251971e-05	-0.000742929361162608
-1.36732998098792e-13	3.39840443856280e-14	-3.28536215455259e-14	-6.11819063588699e-14	-3.84616825377472e-16	-2.25992338437052e-14	-2.15686570003529e-14	-1.60350077539571e-13	1.40116790587867e-13	1.36351864851778e-13	-1.51869387113744e-13	-3.81930213890933e-14	-1.40854047815224e-07	3.18244811285767e-05	-0.000150186870811027	0.000409239984479398	0.000134397764631423	-0.00112678291872807	-0.00106675596169974	0.994080539629803	0.00358356420093465	0.000977441095380152	0.00104193022837066	0.0101306463828152	-7.55742879568762e-05
2.01570814426309e-13	-5.47164952156193e-14	5.61792856570594e-14	9.91308417282676e-14	2.38695174729217e-15	-5.48630946608067e-16	4.38868413564996e-14	2.46598840508149e-13	-2.12108752915122e-13	-1.92817656046979e-13	2.29220326268021e-13	7.20161876653428e-14	2.04978327545577e-07	-2.68643439791477e-05	0.000410459851765583	-0.00107728679296086	-0.00355441203566668	0.00274288743880971	-0.00419895859284829	0.00261759283260597	0.980720944532289	-0.000300149144342523	-0.00120408410460583	-0.00900424644475212	-0.000857163770742832
-4.53750945772974e-14	1.04609504545407e-14	-1.18285980166344e-14	-1.97224258133147e-14	-5.85943235433343e-16	-1.21353543871566e-14	-7.41128865274658e-15	-5.47613764470340e-14	4.57781688832764e-14	4.66884223811949e-14	-4.97468185717312e-14	-1.23301355464119e-14	-4.75588681426466e-08	5.13486429179162e-06	1.36978344720720e-05	-7.10691441559147e-05	-2.96298107899552e-05	2.62159186414642e-05	-0.000220777376071446	0.000416534076097978	-0.000968842787627573	0.996410092142425	0.00256120807943584	0.000739774557448219	-0.00162506482132441
-4.20563215511845e-15	-1.73661045622669e-16	1.74239373052870e-15	1.23942190230786e-15	7.54425032371605e-16	-1.05025781780542e-14	4.23827478545464e-15	-8.14414308112729e-16	2.46570203543743e-15	7.00937878464680e-15	-2.92436967539461e-15	3.07177688070630e-15	-4.92279211447035e-09	-1.25322393528624e-05	5.00677430681503e-05	9.11337083682596e-05	-0.000861481910555623	0.000209771719051530	2.47088665494822e-05	0.000517491457327162	-8.31010002346812e-05	0.00266036647685991	0.992806670366826	-0.00163122453923308	0.000799871683905318
1.54175768660208e-13	-3.69492237200521e-14	3.50691389157941e-14	6.64796848614839e-14	1.56982554782126e-16	3.46682286900474e-14	2.12504685837365e-14	1.78126660417016e-13	-1.55728429266842e-13	-1.55613895307888e-13	1.69890518592660e-13	3.94791216752110e-14	1.59040465151785e-07	-4.41563178415647e-05	0.000253374919578838	2.00890290022499e-05	-0.000208770077147119	0.00117751284492979	0.000509513578730046	0.00303011689937482	-0.00225661100582212	-0.00113333590573532	0.000483172171898605	0.986463812941902	0.000669920520101407
-5.74275679897071e-15	7.45487021580238e-16	-1.94085679712402e-15	-2.14238902720222e-15	2.89118184242139e-16	-2.04412297344876e-15	-1.54140336242011e-15	-7.45828736451555e-15	5.10666826421042e-15	5.99753817122177e-15	-5.95420990932288e-15	-1.66712421537014e-15	-5.95099359070105e-09	-2.63304029452748e-06	2.69686493165382e-05	-0.000101475884962398	-0.000237674564902517	5.03153012644627e-05	-0.000485822475349893	-8.56853805048935e-05	-0.000889225790495962	-0.000319870448946217	-0.000128807713756689	0.000464315009248955	0.998205954681428
