-1464.210096
-1448.871280
-1433.750239
-1418.843885
-1404.149174
-1389.663106
-1375.382724
-1361.305111
-1347.427392
-1333.746735
-1320.260344
-1306.965467
-1293.859389
-1280.939432
-1268.202959
-1255.647368
-1243.270096
-1231.068614
-1219.040431
-1207.183090
-1195.494169
-1183.971282
-1172.612074
-1161.414225
-1150.375449
-1139.493490
-1128.696512
-1117.914903
-1107.150834
-1096.406402
-1085.683632
-1074.984480
-1064.310831
-1053.664503
-1043.047249
-1032.460759
-1021.906659
-1011.386516
-1000.901837
-990.454069
-980.044607
-969.674786
-959.345893
-949.059157
-938.815761
-928.616836
-918.463464
-908.356681
-898.297477
-888.286798
-878.325545
-868.414578
-858.554717
-848.746755
-838.991453
-829.289550
-819.641757
-810.048759
-800.511216
-791.029765
-781.605015
-772.237554
-762.927943
-753.676722
-744.484408
-735.351494
-726.278451
-717.265728
-708.313755
-699.422936
-690.593658
-681.826287
-673.121166
-664.478623
-655.898963
-647.382473
-638.929422
-630.540059
-622.214617
-613.953310
-605.756336
-597.623875
-589.556090
-581.553129
-573.615122
-565.742187
-557.934423
-550.191915
-542.514735
-534.902938
-527.356566
-519.875648
-512.460199
-505.110220
-497.825700
-490.606615
-483.452929
-476.364592
-469.341545
-462.383716
-455.491021
-448.663367
-441.900648
-435.202749
-428.569544
-422.000897
-415.496664
-409.056687
-402.680804
-396.368841
-390.120615
-383.935935
-377.814603
-371.756410
-365.761142
-359.828575
-353.958478
-348.150614
-342.404737
-336.720596
-331.097932
-325.536479
-320.035967
-314.596117
-309.216646
-303.897266
-298.637680
-293.437589
-288.296688
-283.214666
-278.191207
-273.225993
-268.318697
-263.468991
-258.676543
-253.941015
-249.262066
-244.639351
-240.072522
-235.561226
-231.105110
-226.703814
-222.356978
-218.064236
-213.825223
-209.639568
-205.506900
-201.426844
-197.399023
-193.423060
-189.498572
-185.625178
-181.802493
-178.030131
-174.307705
-170.634826
-167.011103
-163.436145
-159.909560
-156.430954
-152.999932
-149.616100
-146.279062
-142.988420
-139.743778
-136.544739
-133.390904
-130.281876
-127.217256
-124.196646
-121.219648
-118.285863
-115.394893
-112.546341
-109.739808
-106.974899
-104.251214
-101.568360
-98.925939
-96.323557
-93.760820
-91.237334
-88.752706
-86.306545
-83.898459
-81.528059
-79.194956
-76.898763
-74.639092
-72.415559
-70.227780
-68.075371
-65.957952
-63.875143
-61.826565
-59.811841
-57.830597
-55.882457
-53.967051
-52.084007
-50.232957
-48.413533
-46.625371
-44.868106
-43.141377
-41.444825
-39.778092
-38.140820
-36.532658
-34.953252
-33.402252
-31.879311
-30.384082
-28.916223
-27.475391
-26.061246
-24.673451
-23.311672
-21.975575
-20.664828
-19.379105
-18.118077
-16.881422
-15.668817
-14.479942
-13.314482
-12.172120
-11.052544
-9.955444
-8.880513
-7.827443
-6.795934
-5.785683
-4.796392
-3.827766
-2.879510
-1.951334
-1.042949
-0.154069
0.715591
1.566312
2.398373
3.212050
4.007617
4.785348
5.545510
6.288370
7.014194
7.723243
8.415776
9.092051
9.752323
10.396843
11.025862
11.639627
12.238383
12.822373
13.391836
13.947011
14.488133
15.015435
15.529147
16.029498
16.516713
16.991016
17.452628
17.901768
18.338652
18.763494
19.176506
19.577897
19.967875
20.346643
20.714405
21.071361
21.417708
21.753643
22.079358
22.395045
22.700893
22.997088
23.283815
23.561256
23.829591
24.088999
24.339654
24.581731
24.815401
25.040833
25.258194
25.467650
25.669364
25.863496
26.050206
26.229650
26.401984
26.567359
26.725927
26.877836
27.023233
27.162264
27.295071
27.421794
27.542573
27.657546
27.766846
27.870608
27.968963
28.062041
28.149969
28.232874
28.310879
28.384106
28.452677
28.516711
28.576323
28.631631
28.682746
28.729781
28.772847
28.812051
28.847501
28.879302
28.907558
28.932369
28.953838
28.972062
28.987139
28.999165
29.008233
29.014437
29.017866
29.018612
29.016762
29.012402
29.005618
28.996494
28.985111
28.971552
28.955894
28.938218
28.918598
28.897111
28.873832
28.848831
28.822182
28.793954
28.764216
28.733036
28.700480
28.666614
28.631500
28.595203
28.557783
28.519301
28.479816
28.439386
28.398067
28.355917
28.312989
28.269336
28.225012
28.180068
28.134554
28.088519
28.042011
27.995079
27.947767
27.900121
27.852187
27.804005
27.755620
27.707073
27.658403
27.609650
27.560854
27.512051
27.463279
27.414574
27.365970
27.317502
27.269204
27.221107
27.173244
27.125646
27.078342
27.031363
26.984737
26.938492
26.892654
26.847251
26.802308
26.757850
26.713901
26.670486
26.627626
26.585343
26.543661
26.502599
26.462177
26.422416
26.383335
26.344951
26.307283
26.270347
26.234161
26.198740
26.164101
26.130257
26.097223
26.065014
26.033642
26.003120
25.973461
25.944677
25.916778
25.889775
25.863680
25.838501
25.814248
25.790930
25.768556
25.747134
25.726671
25.707175
25.688653
25.671110
25.654553
25.638988
25.624420
25.610853
25.598293
25.586744
25.576208
25.566691
25.558194
25.550721
25.544274
25.538856
25.534468
25.531111
25.528788
25.527498
25.527243
25.528023
25.529838
25.532688
25.536572
25.541491
25.547442
25.554425
25.562438
25.571480
25.581549
25.592643
25.604758
25.617894
25.632047
25.647214
25.663393
25.680579
25.698769
25.717960
25.738148
25.759328
25.781497
25.804649
25.828782
25.853889
25.879967
25.907009
25.935011
25.963969
25.993875
26.024725
26.056514
26.089234
26.122882
26.157449
26.192931
26.229322
26.266614
26.304801
26.343878
26.383837
26.424671
26.466375
26.508940
26.552361
26.596629
26.641739
26.687682
26.734452
26.782041
26.830442
26.879648
26.929651
26.980444
27.032018
27.084367
27.137483
27.191358
27.245984
27.301354
27.357459
27.414293
27.471847
27.530113
27.589083
27.648749
27.709104
27.770140
27.831847
27.894219
27.957248
28.020925
28.085242
28.150192
28.215766
28.281956
28.348754
28.416152
28.484142
28.552716
28.621866
28.691584
28.761862
28.832692
28.904066
28.975975
29.048412
29.121369
29.194838
29.268811
29.343281
29.418238
29.493676
29.569586
29.645961
29.722793
29.800074
29.877796
29.955952
30.034535
30.113535
30.192946
30.272760
30.352970
30.433568
30.514546
30.595898
30.677615
30.759691
30.842117
30.924887
31.007994
31.091430
31.175188
31.259261
31.343641
31.428322
31.513297
31.598559
31.684101
31.769915
31.855996
31.942336
32.028928
32.115767
32.202845
32.290155
32.377691
32.465447
32.553416
32.641592
32.729969
32.818539
32.907297
32.996237
33.085352
33.174636
33.264084
33.353689
33.443445
33.533346
33.623388
33.713562
33.803865
33.894290
33.984832
34.075484
34.166242
34.257101
34.348053
34.439095
34.530220
34.621424
34.712702
34.804047
34.895456
34.986922
35.078441
35.170008
35.261618
35.353266
35.444947
35.536657
35.628390
35.720143
35.811910
35.903687
35.995470
36.087253
36.179033
36.270805
36.362565
36.454309
36.546032
36.637730
36.729400
36.821036
36.912636
37.004195
37.095709
37.187174
37.278587
37.369943
37.461240
37.552473
37.643639
37.734734
37.825754
37.916697
38.007559
38.098335
38.189024
38.279622
38.370125
38.460531
38.550835
38.641036
38.731129
38.821112
38.910983
39.000737
39.090373
39.179886
39.269276
39.358538
39.447669
39.536669
39.625533
39.714258
39.802844
39.891286
39.979584
40.067733
40.155732
40.243578
40.331269
40.418803
40.506178
40.593391
40.680440
40.767324
40.854039
40.940584
41.026957
41.113157
41.199180
41.285025
41.370691
41.456175
41.541476
41.626591
41.711520
41.796260
41.880810
41.965169
42.049334
42.133304
42.217077
42.300653
42.384029
42.467204
42.550177
42.632946
42.715511
42.797869
42.880019
42.961961
43.043693
43.125213
43.206522
43.287616
43.368496
43.449161
43.529608
43.609838
43.689849
43.769640
43.849211
43.928560
44.007686
44.086590
44.165269
44.243722
44.321951
44.399952
44.477726
44.555272
44.632590
44.709678
44.786536
44.863163
44.939559
45.015722
45.091654
45.167352
45.242817
45.318048
45.393044
45.467805
45.542331
45.616621
45.690675
45.764492
45.838072
45.911414
45.984519
46.057386
46.130015
46.202405
46.274556
46.346468
46.418141
46.489574
46.560768
46.631721
46.702435
46.772908
46.843141
46.913134
46.982886
47.052398
47.121669
47.190699
47.259488
47.328036
47.396344
47.464411
47.532237
47.599822
47.667166
47.734270
47.801133
47.867756
47.934138
48.000279
48.066181
48.131842
48.197263
48.262444
48.327386
48.392088
48.456550
48.520774
48.584758
48.648503
48.712010
48.775279
48.838309
48.901102
48.963656
49.025974
49.088054
49.149897
49.211504
49.272875
49.334009
49.394908
49.455572
49.516000
49.576194
49.636153
49.695879
49.755370
49.814629
49.873654
49.932447
49.991007
50.049336
50.107433
50.165299
50.222935
50.280340
50.337516
50.394462
50.451179
50.507667
50.563928
50.619960
50.675765
50.731344
50.786696
50.841822
50.896723
50.951399
51.005850
51.060077
51.114080
51.167861
51.221419
51.274754
51.327868
51.380761
51.433433
51.485885
51.538117
51.590130
51.641924
51.693500
51.744858
51.796000
51.846924
51.897633
51.948126
51.998404
52.048467
52.098316
52.147952
52.197374
52.246585
52.295583
52.344370
52.392946
52.441312
52.489468
52.537415
52.585153
52.632683
52.680005
52.727120
52.774029
52.820732
52.867229
52.913522
52.959610
53.005494
53.051175
53.096653
53.141929
53.187004
53.231878
53.276551
53.321024
53.365298
53.409372
53.453249
53.496928
53.540410
53.583695
53.626783
53.669677
53.712375
53.754879
53.797189
53.839306
53.881230
53.922962
53.964502
54.005850
54.047009
54.087977
54.128755
54.169345
54.209746
54.249960
54.289986
54.329825
54.369478
54.408946
54.448228
54.487325
54.526239
54.564968
54.603515
54.641880
54.680062
54.718063
54.755883
54.793523
54.830983
54.868263
54.905365
54.942288
54.979034
55.015603
55.051995
55.088211
55.124251
55.160116
55.195806
55.231322
55.266665
55.301835
55.336832
55.371657
55.406311
55.440793
55.475105
55.509247
55.543220
55.577023
55.610658
55.644125
55.677424
55.710557
55.743523
55.776322
55.808957
55.841426
55.873731
55.905871
55.937848
55.969662
56.001313
56.032802
56.064129
56.095295
56.126301
56.157146
56.187831
56.218357
56.248725
56.278933
56.308984
56.338878
56.368614
56.398194
56.427618
56.456886
56.485999
56.514957
56.543761
56.572411
56.600908
56.629252
56.657444
56.685483
56.713371
56.741108
56.768693
56.796129
56.823415
56.850551
56.877539
56.904378
56.931068
56.957611
56.984007
57.010256
57.036359
57.062315
57.088126
57.113792
57.139313
57.164689
57.189922
57.215011
57.239957
57.264761
57.289422
57.313941
57.338318
57.362555
57.386651
57.410606
57.434422
57.458098
57.481635
57.505033
57.528293
57.551415
57.574399
57.597246
57.619956
57.642530
57.664968
57.687270
57.709437
57.731469
57.753367
57.775130
57.796759
57.818255
57.839618
57.860849
57.881947
57.902913
