2668.572404
2648.182563
2627.715257
2607.171390
2586.551869
2565.857600
2545.089494
2524.248461
2503.335413
2482.351265
2461.296933
2440.173332
2418.981382
2397.722003
2376.396115
2355.004642
2333.548507
2312.028636
2290.445955
2268.801391
2247.095872
2225.330330
2203.505694
2181.622897
2159.682871
2137.699892
2115.700564
2093.696811
2071.686910
2049.669168
2027.641928
2005.603568
1983.552496
1961.487156
1939.406023
1917.307605
1895.190442
1873.053106
1850.894202
1828.712364
1806.506259
1784.274584
1762.016066
1739.729464
1717.413567
1695.067193
1672.689191
1650.278438
1627.833842
1605.354338
1582.838894
1560.286501
1537.696184
1515.066994
1492.398010
1469.688338
1446.937115
1424.143503
1401.306692
1378.425901
1355.500374
1332.529384
1309.512228
1286.448233
1263.336751
1240.177160
1216.968865
1193.711297
1170.403914
1147.046198
1123.637657
1100.177827
1076.666267
1053.102562
1029.486323
1005.817185
982.094809
958.318880
934.489109
910.605231
886.667005
862.674215
838.626671
814.524204
790.366672
766.153955
741.885958
717.562611
693.183866
668.749700
644.260111
619.715124
595.114786
570.459167
545.748360
520.982482
496.161674
471.286097
446.355938
421.371405
